20 30 A2 90 03 B1 0C 30 40 82 22 A2 02 F0 02 50
08 0E 04 00 20 02 02 48 00 27 24 05 20 02 49 00
40 08 20 1A 18 D2 81 08 80 0D 04 00 04 A1 01 44
23 00 02 00 10 00 08 04 20 40 08 00 00 22 02 10
44 8A 00 40 14 40 24 00 43 83 80 20 02 04 80 00
82 11 80 40 00 60 80 22 88 00 00 0C 04 0E 00 80
51 10 40 00 01 04 48 1C 80 80 29 24 18 40 00 02
C2 08 20 11 08 20 40 08 00 48 00 00 20 40 05 20
8D 22 24 01 22 16 1B 41 13 24 00 04 14 31 24 22
00 00 00 00 00 01 60 18 20 08 00 00 82 50 06 08
0A 0C 18 08 94 08 04 A0 23 00 45 02 01 00 40 02
3C 42 22 01 20 10 20 04 28 00 00 00 12 00 0A 24
00 10 08 C0 E9 00 00 00 12 33 51 60 54 10 80 66
01 09 28 00 80 00 04 10 22 89 00 02 92 22 B4 41
04 14 00 0A 00 04 60 00 00 08 68 A0 08 84 C0 00
04 01 00 00 60 00 08 02 28 52 40 10 48 05 00 01
09 C5 00 40 00 10 36 00 C4 00 84 24 00 91 02 00
60 80 04 88 02 00 90 06 08 02 48 48 04 00 42 D2
00 00 00 81 20 00 01 04 D0 81 11 00 72 41 61 08
08 41 20 00 20 00 01 1C 14 C0 08 10 00 04 40 40
40 44 06 10 20 0C 01 40 01 80 00 00 01 39 24 38
84 24 40 08 40 90 0F 06 01 07 00 02 00 00 B1 20
E0 09 00 2C 10 24 00 C0 05 A0 00 4C 81 09 44 00
84 0A 00 28 00 81 C0 70 00 00 04 02 01 02 08 80
00 04 04 A0 20 20 44 02 23 00 00 00 00 40 20 40
12 06 00 00 19 58 00 55 01 00 02 82 11 08 00 04
02 0C 00 10 00 00 80 82 20 0B 24 00 30 80 54 00
80 C0 10 A0 10 24 10 50 21 26 00 00 00 04 04 80
00 10 0B 08 0C 0F 29 02 01 80 A0 20 C0 0A 00 01
02 00 05 A4 80 31 02 00 04 10 02 40 22 00 00 40
00 00 00 08 0C 00 84 80 0C 82 30 40 00 00 20 06
10 88 00 21 2C 01 00 0C 12 20 00 00 20 00 20 21
00 00 40 00 20 82 20 80 03 80 44 00 02 00 00 10
90 01 A0 01 00 6C 90 98 06 80 00 80 18 90 08 01
40 85 00 01 40 51 80 10 00 40 00 80 40 00 80 00
88 28 22 8A 25 88 00 40 02 81 20 00 30 10 20 22
20 20 00 10 04 0A 8A 10 0C 96 18 A0 40 04 70 17
20 03 28 02 A0 00 04 00 72 00 02 08 00 10 00 80
00 03 84 00 00 04 14 40 9C 21 18 11 21 20 40 00
00 06 40 00 00 20 01 10 02 88 01 05 C0 00 00 01
01 00 89 B0 C0 82 01 02 03 12 0A 14 02 0B 10 00
80 50 45 00 14 00 20 00 18 48 12 00 81 01 01 04
02 04 44 82 00 60 00 40 04 42 22 00 81 6A 20 0A
00 12 20 30 00 06 00 08 40 08 00 00 00 44 01 04
00 01 20 02 00 00 81 08 18 10 42 00 04 02 81 80
C8 00 00 10 20 01 C8 20 00 20 B0 10 00 21 80 09
02 20 40 41 A0 03 09 51 10 B0 20 40 10 40 10 00
0B 07 28 10 08 00 10 48 00 00 10 00 C6 90 08 25
06 01 21 03 50 00 08 00 10 08 1A 48 00 45 10 23
04 80 16 20 02 29 10 40 04 26 20 08 40 C1 00 74
E4 25 52 00 50 48 00 80 29 04 00 40 00 40 00 00
09 44 00 36 00 00 00 00 20 00 20 35 00 04 10 0A
08 02 40 38 00 40 01 13 82 19 01 80 06 00 84 22
82 49 04 49 05 40 00 01 40 00 00 31 02 70 A0 16
68 80 19 00 00 40 20 10 00 08 00 01 00 42 04 10
01 02 00 83 00 03 C0 92 50 20 00 12 1A 00 00 20
10 00 00 04 30 20 16 08 04 02 40 00 10 26 88 61
00 00 14 00 24 00 04 08 50 09 00 08 08 02 00 51
00 00 00 2A 10 30 40 00 06 01 01 23 90 10 00 04
00 80 02 00 81 C0 00 80 28 20 00 80 80 0B 20 08
10 04 00 14 00 80 00 20 80 04 00 05 00 C0 00 00
02 0C 43 80 00 C2 00 04 00 00 00 42 80 42 13 48
00 81 14 40 16 00 44 18 84 04 0A 04 02 00 A4 00
00 04 4B 00 01 14 80 00 40 00 01 40 18 80 08 80
88 A0 29 90 A1 80 08 08 00 20 0C 09 08 28 04 20
08 20 16 44 05 26 00 00 08 20 80 10 04 41 90 00
19 00 00 00 86 11 54 A0 00 22 00 50 00 12 01 24
12 00 08 00 40 A3 0D 20 04 00 09 80 08 03 00 84
02 20 08 30 02 00 4A 18 00 08 00 96 22 14 20 50
10 81 80 00 00 00 08 00 48 10 08 01 48 81 20 20
70 00 00 00 40 00 14 00 80 40 00 92 00 04 00 06
00 00 81 64 00 08 08 38 50 00 41 80 40 C0 81 80
08 00 09 14 01 12 08 10 10 F4 00 40 49 00 03 08
08 10 08 1A 00 00 00 04 49 04 20 40 21 00 A9 00
41 50 00 98 81 48 0C 08 0A 01 0B 01 01 22 00 20
25 15 09 18 02 40 80 00 4C 0C 00 08 08 84 00 04
0A 4E 01 51 08 03 08 24 00 20 00 0C 00 C0 04 21
00 78 2C 54 20 10 25 60 00 52 18 01 12 00 08 00
28 08 A0 10 03 20 11 01 41 00 40 00 E0 44 74 34
E2 40 10 04 01 00 00 06 00 96 19 D4 00 06 14 00
90 20 C0 D0 20 08 B4 C8 03 80 04 02 0C 21 04 28
40 00 20 20 01 14 01 00 04 01 04 C0 04 80 20 1C
40 00 54 0C 90 02 44 03 40 00 40 82 03 B2 11 02
78 32 02 01 80 00 00 00 00 62 00 02 20 81 00 00
40 02 40 82 20 A2 16 19 00 30 0C D2 46 00 20 40
42 42 A2 00 00 01 2E 21 00 00 41 01 04 44 06 82
08 02 01 02 40 04 20 49 10 19 30 33 12 00 30 01
02 40 16 00 A0 A4 01 28 B4 08 81 84 1A 80 08 00
20 01 00 00 A1 02 73 02 34 24 65 00 20 34 02 04
0A 00 00 00 82 4A 82 02 00 05 90 00 04 40 08 20
08 20 48 49 0C 09 00 05 04 02 9E 50 48 21 40 C1
00 98 09 80 08 41 08 00 33 00 54 40 01 81 00 80
C1 00 02 0B D4 0D BC 0B 40 40 03 08 00 90 00 08
20 80 00 81 01 33 00 40 10 20 18 01 00 0C 28 32
00 02 36 09 31 19 1A 08 00 08 10 48 12 00 83 05
08 A0 00 A2 40 00 08 88 00 0B 30 80 28 00 89 02
00 06 81 28 81 10 C6 00 C0 80 04 00 00 90 80 C0
40 00 41 80 03 40 04 80 00 0C 18 20 02 45 01 00
C1 12 80 00 98 00 9C 10 00 00 18 A8 C0 80 01 02
40 40 00 00 06 00 24 00 42 00 00 E4 16 10 02 14
0C 60 06 00 00 04 08 00 80 C0 00 40 10 00 1C 40
40 00 90 32 81 40 03 40 20 00 10 40 28 15 40 84
F0 29 48 60 50 00 A1 02 90 04 18 40 10 00 45 00
10 24 0C 61 20 03 40 00 4A 10 20 40 20 01 02 10
20 00 80 00 01 C0 00 00 A8 04 0C 40 00 11 80 01
10 11 00 08 00 40 47 C2 48 20 12 28 40 02 86 00
11 0C 04 04 80 00 00 63 08 0A 06 00 12 11 84 11
20 00 42 03 02 0A 00 C1 C0 E0 84 10 20 A2 40 02
88 10 A8 00 04 01 00 00 80 48 85 80 03 02 02 02
00 04 06 40 2D 00 00 81 40 E4 06 98 20 00 48 0C
10 09 82 11 28 2D 00 84 02 00 22 00 20 28 00 00
32 04 00 45 38 48 21 00 20 00 01 02 08 20 A0 11
2B 30 22 00 90 20 01 02 80 90 8C 00 20 68 00 80
04 02 02 40 0C 80 00 20 40 80 00 B4 20 A0 20 40
A0 00 84 02 00 00 00 40 90 98 24 11 00 00 60 80
00 50 00 50 8C 10 90 0A 18 00 0C 20 02 00 82 00
00 40 40 00 18 00 98 01 20 20 80 14 B8 02 00 C1
84 44 2D 00 10 08 54 00 50 00 70 00 00 20 20 88
61 84 81 05 14 1B 85 08 00 20 26 30 1A 38 48 51
04 14 00 80 00 00 16 40 13 0E 14 08 20 80 10 09
14 02 40 00 00 00 00 80 80 41 00 18 43 00 00 80
C0 08 21 02 00 00 00 14 50 03 0C 00 82 04 09 0E
00 00 80 C0 88 02 02 20 00 81 00 30 00 09 82 41
80 00 02 41 CA 02 0A 10 00 01 80 26 84 43 21 11
20 40 06 00 A4 84 91 60 00 10 40 16 21 42 22 00
00 00 04 24 00 50 84 A0 00 88 11 00 09 0C 00 00
10 80 00 00 02 80 08 00 04 02 00 C0 00 69 00 3C