20 30 8A 90 83 31 04 30 50 80 22 A2 02 B0 22 50
08 0E 04 00 20 02 02 48 00 27 20 45 20 02 49 00
40 08 20 1A 08 D0 81 08 80 8D 04 00 04 A1 01 45
23 40 02 40 10 00 28 00 20 40 08 00 00 22 02 10
44 8A 00 48 10 40 24 04 43 87 80 20 00 04 80 02
82 10 80 40 00 60 80 62 88 00 00 8C 04 0E 00 80
59 10 40 00 41 04 49 1E 80 A0 29 24 18 40 00 12
C0 88 20 13 08 20 40 08 00 48 00 00 20 40 05 20
8D 22 24 01 22 16 1B 41 13 24 00 04 10 31 24 22
00 20 80 00 00 01 60 18 20 08 02 00 13 50 06 00
0A 04 18 08 84 09 04 A0 23 00 05 02 01 00 41 02
0C 42 02 01 20 10 20 14 28 00 00 00 12 00 0A 24
00 10 08 C0 69 00 20 00 52 33 51 40 54 10 80 66
01 01 28 00 80 08 00 90 62 89 00 02 92 22 F4 C1
06 94 00 0A 00 04 60 00 02 48 68 A0 08 84 C0 00
00 01 00 00 60 00 28 02 28 52 40 10 48 05 00 01
08 A5 00 48 04 10 36 08 44 00 86 24 00 91 00 00
60 80 04 88 12 80 10 06 08 02 48 48 00 00 42 D2
00 00 04 81 20 00 21 04 D0 81 11 00 52 41 61 08
08 41 20 00 20 08 01 4C 1C C0 08 10 00 04 40 40
C0 44 06 10 20 0C 01 50 01 80 00 00 01 38 24 28
84 24 41 08 40 80 0E 06 01 05 00 02 00 00 B1 20
E0 08 00 0C 00 24 00 C0 05 A0 01 44 81 01 44 00
80 0A 00 28 01 81 C0 70 00 00 04 02 01 02 08 80
00 20 04 A0 20 20 44 02 23 00 00 00 00 40 20 44
32 04 08 80 19 D0 00 55 11 00 02 8A 11 08 00 04
02 0C 00 10 00 10 80 82 20 0A 24 00 60 80 14 00
80 C0 10 A0 10 24 10 50 21 26 00 00 00 04 00 80
00 10 0B 08 0C 0F 29 02 01 80 A5 20 40 0A 00 01
02 10 05 A4 A0 B1 02 00 04 10 8A 40 22 00 00 40
00 00 00 08 0C 08 84 80 0C 82 30 00 00 00 20 02
12 88 00 21 24 01 00 04 12 20 80 04 20 00 20 21
00 00 40 04 20 82 20 80 03 80 64 00 02 00 00 10
90 01 A0 01 80 4C 90 98 04 A0 00 80 18 90 08 01
40 85 00 01 40 51 80 10 00 C0 00 80 40 00 00 00
88 28 32 80 25 88 00 40 02 81 30 00 30 10 20 22
20 20 08 10 0C 4A 8B 10 0C 96 38 A0 48 04 50 15
20 03 28 02 A0 00 04 00 72 00 0A 0C 00 10 00 80
08 03 84 00 00 04 14 41 9C 21 18 11 20 A4 40 00
00 06 40 00 10 20 01 10 02 88 01 25 C0 00 00 01
02 00 89 B0 C0 82 01 00 13 12 0A 14 02 03 10 00
80 51 05 50 14 00 20 08 18 48 12 00 81 01 01 04
42 04 44 C2 00 60 00 40 04 42 32 01 81 EA 20 0A
00 12 20 30 00 06 00 08 40 08 00 00 00 44 01 04
00 01 20 02 00 04 81 18 08 10 40 00 14 02 21 80
C8 00 00 10 00 01 C8 20 00 20 B8 10 00 A0 80 09
02 10 40 41 A0 01 01 53 90 B0 00 40 10 40 10 00
0B 05 28 10 08 00 52 5C 02 00 30 00 C6 90 08 25
04 01 29 03 50 00 00 00 10 00 1A 48 00 45 10 23
00 80 16 20 42 29 10 40 04 26 21 09 40 C9 00 74
64 21 52 10 40 48 00 80 29 04 20 40 00 40 00 00
0C 44 00 36 00 00 00 00 20 00 20 71 00 04 10 0A
08 00 40 30 00 40 01 12 82 09 01 80 06 00 84 22
82 49 04 49 05 50 00 05 40 00 00 11 02 F0 A0 36
68 80 19 80 00 40 20 10 00 08 00 01 01 52 01 00
01 02 20 83 00 03 C0 92 50 20 00 12 1A 00 00 28
10 00 04 44 30 20 16 20 04 02 40 00 90 06 88 60
02 08 04 00 2C 00 00 40 54 09 00 08 08 02 00 51
00 01 00 2A 10 38 42 00 46 01 01 23 90 10 00 04
00 80 43 00 81 C0 00 80 28 20 40 00 80 0B 20 08
10 00 00 94 00 80 00 24 80 04 00 05 00 C0 00 00
02 0C 43 80 00 C2 00 04 42 00 40 42 80 42 03 40
00 81 14 40 16 00 44 18 84 04 0A 04 03 00 A4 10
00 04 0B 00 01 10 80 00 40 02 00 40 18 84 08 80
88 A4 29 90 A1 80 00 08 00 00 04 09 08 28 04 20
00 20 16 64 05 26 00 00 00 20 80 10 04 41 90 00
19 00 00 00 86 11 54 A0 00 02 80 52 00 12 01 24
1A 00 08 00 40 A3 0D 20 04 00 09 80 08 03 00 84
02 30 08 30 02 00 4A 18 00 18 00 16 02 34 20 D0
10 81 98 00 40 00 09 02 48 10 08 00 48 81 60 20
70 00 00 00 40 00 14 00 A1 40 08 92 00 05 00 06
80 00 81 74 00 00 08 38 10 00 41 80 40 C0 81 80
08 00 01 10 01 12 08 10 10 B4 00 40 49 00 03 24
08 01 08 18 00 00 00 44 4B 04 00 40 21 00 A9 00
41 50 00 98 83 48 0C 88 0A 01 09 20 01 22 00 20
2D 15 09 18 03 40 A0 00 4C 0C 00 08 08 04 00 04
0A 4E 01 50 08 03 08 25 00 20 00 4C 00 80 04 21
00 68 2C D4 20 10 65 61 00 52 18 81 12 00 08 20
08 08 80 10 01 20 11 01 41 02 40 00 E0 C4 64 30
E2 40 50 0C 01 00 00 04 00 96 19 C4 00 46 1C 00
90 20 C0 92 20 08 B4 C8 03 80 04 02 08 21 04 A8
40 00 E0 24 01 14 01 01 04 01 04 C0 04 88 20 1C
40 40 54 0C 90 02 44 03 40 00 40 82 03 B2 01 02
78 32 02 21 80 21 00 40 01 42 00 02 20 81 00 20
40 02 44 82 20 E2 16 19 00 70 0C D0 46 00 40 41
42 42 A2 00 00 01 6E 21 00 00 01 01 05 04 06 82
88 00 01 02 40 04 20 49 10 19 30 33 12 00 31 01
06 40 16 00 80 A4 09 28 B4 08 01 84 1A 80 08 00
20 01 00 00 A0 02 73 02 34 24 45 00 60 34 02 04
0A 40 00 00 82 4A 82 02 20 05 90 00 04 60 0A 20
18 20 49 09 0C 09 00 01 04 02 9E 10 48 21 40 C9
00 98 09 80 08 41 29 00 33 00 54 40 09 81 00 80
81 00 0A 0F D4 4D 3E 43 40 40 03 09 00 90 00 08
20 80 00 81 01 23 00 40 10 20 18 01 00 0C 28 32
00 02 36 09 31 19 1A 08 00 08 10 CD 12 04 D3 05
58 A0 00 A2 40 00 08 88 20 0B 30 80 28 00 C9 02
00 06 81 28 81 10 C6 00 C0 80 0C 00 00 10 80 C0
40 80 41 80 01 00 04 80 00 0C 98 20 02 45 01 00
C1 12 90 00 98 00 9C 10 00 00 50 A8 C0 80 01 42
40 40 20 40 06 00 04 00 42 00 40 E4 16 10 02 14
8C 44 06 00 00 04 08 00 80 80 00 60 10 00 3C 40
00 00 B0 32 83 40 00 42 20 00 10 40 68 15 40 84
F0 21 48 60 50 00 A1 02 90 8C 18 40 10 00 45 00
10 24 0C 71 20 03 40 02 4A 12 20 42 20 01 02 10
20 00 80 00 11 C0 00 00 88 00 0C 40 02 11 80 00
10 11 00 08 00 41 47 86 48 20 12 20 40 02 86 00
10 00 04 04 80 00 00 23 08 0A 06 00 02 11 84 11
20 00 42 03 02 0A 01 C3 C0 E0 84 10 20 A2 40 02
88 10 A0 00 04 21 00 00 80 48 85 80 03 02 02 02
00 04 26 40 2D 00 00 81 44 E4 06 98 21 00 48 0E
10 09 82 11 28 2D 00 94 02 00 22 20 22 28 00 00
32 04 10 45 38 49 21 00 20 00 01 02 08 20 A8 11
22 30 22 00 90 20 01 02 88 92 8C 00 20 68 00 80
04 02 02 40 0C 80 00 20 40 80 00 34 00 A0 21 C0
A0 00 80 02 40 00 40 40 90 98 24 11 00 00 60 88
00 50 00 50 0C 10 90 0A 18 00 0C 20 02 00 82 00
00 41 40 00 18 00 B8 00 30 20 80 14 B8 02 00 C1
85 44 2D 10 10 08 54 00 50 00 70 00 00 20 22 8C
61 84 81 05 15 1B 85 08 00 20 26 10 1A 38 48 41
04 14 00 82 00 00 16 48 13 0E 14 00 60 80 10 09
14 02 44 00 00 00 00 80 80 41 40 18 57 00 00 80
C0 08 21 02 40 00 00 04 50 03 0E 10 82 14 09 0E
00 00 00 C2 88 02 0A 20 00 81 02 20 00 88 82 41
80 00 02 41 C8 02 0A 10 40 01 90 26 84 41 21 11
20 48 04 00 A4 84 81 40 00 10 40 16 21 42 22 00
40 02 84 24 00 50 84 A0 10 88 11 20 09 0C 00 00
18 80 00 00 0A C8 08 60 0C 02 00 D0 00 69 00 3C