20 30 8A 90 03 B1 8C 30 40 82 22 A2 22 B0 02 50
08 0E 04 00 20 02 02 48 00 27 20 05 20 00 49 00
48 08 20 1A 08 D2 81 08 88 8D 04 00 04 A1 00 44
23 40 02 00 10 00 28 04 20 40 08 00 00 22 02 10
44 88 24 40 14 40 24 00 43 87 80 20 00 04 80 00
82 10 80 40 00 60 80 62 88 00 00 0C 04 0E 00 80
51 10 40 00 01 04 48 1C 80 80 29 24 18 40 02 12
C2 88 20 11 0C 20 40 08 00 48 00 00 20 40 05 20
8D 22 24 01 22 16 1B 41 13 24 00 04 10 21 24 22
00 00 C0 00 00 01 60 18 20 08 02 00 82 50 06 00
0A 0C 18 00 84 09 04 A0 23 00 01 02 01 00 41 00
2C 42 22 01 20 10 20 14 28 00 00 00 12 00 0A 24
00 10 08 C0 A9 00 20 00 52 33 45 40 54 10 80 66
01 09 28 00 80 08 00 10 22 89 20 0A 92 22 F5 41
06 10 00 0A 00 04 64 00 02 48 68 A0 88 84 C0 00
04 11 00 00 20 00 28 02 28 52 40 30 48 8D 00 01
08 E5 00 48 00 10 36 08 44 00 84 24 00 91 02 00
60 80 04 88 00 80 10 06 08 02 48 48 04 00 42 D2
00 00 00 81 20 00 01 04 D0 81 11 00 72 40 61 08
08 41 20 00 20 08 09 4C 1C C0 08 10 00 04 40 40
40 44 06 10 20 0C 01 40 05 80 00 00 01 39 24 28
84 24 41 08 40 80 0F 06 01 05 00 82 00 00 B1 A0
E0 09 00 2C 10 24 00 C0 05 A0 01 44 81 01 44 00
84 0A 00 28 00 81 C0 70 20 00 04 02 00 02 28 80
00 24 04 A0 20 20 44 02 23 00 00 00 00 40 20 40
32 04 08 00 1B D0 04 51 10 00 06 0A 11 08 20 04
02 0C 00 10 00 00 80 82 20 0B 24 00 30 80 14 00
80 C0 10 A0 00 24 10 50 21 26 02 02 00 04 00 80
00 10 0B 08 0C 0F 2B 02 01 80 A5 20 C0 0A 00 01
02 00 05 A0 80 31 02 00 04 10 0A 48 22 00 00 40
00 00 00 08 0C 08 84 80 0C 82 30 40 80 00 20 02
02 88 00 21 24 01 00 0C 12 20 80 10 20 00 20 21
00 00 40 04 20 82 20 80 03 80 64 00 02 00 00 10
90 01 A0 01 00 2C 90 98 05 A0 04 80 18 90 08 00
40 84 00 01 40 51 80 10 08 C0 00 80 40 00 00 00
88 28 22 88 25 88 00 40 02 81 28 00 30 10 20 22
20 20 00 10 04 0A 8B 00 0C 96 18 80 40 04 50 15
20 03 28 02 A0 00 04 00 72 00 02 08 00 10 06 80
0C 03 84 00 00 04 14 40 9C 21 18 11 20 24 40 00
00 06 40 22 10 20 01 10 02 88 01 25 C0 00 00 01
01 00 89 F0 C0 82 01 02 13 12 0A 14 02 0B 10 00
80 50 05 10 14 00 20 00 18 48 16 00 C1 01 01 04
02 04 44 82 00 60 40 40 04 42 22 00 81 6A 00 0A
00 12 20 30 00 06 00 08 40 08 00 00 00 44 01 04
00 01 20 00 01 00 81 18 09 10 40 00 44 02 01 80
C8 00 00 30 00 01 C8 20 00 20 B0 10 00 20 80 08
02 00 40 45 A0 03 00 13 10 B0 00 40 12 40 90 80
1B 05 28 10 08 00 52 48 02 00 30 00 C6 90 08 25
04 20 01 03 50 00 00 00 10 08 1A 48 00 45 10 23
00 80 16 00 02 29 10 40 04 26 21 08 00 C1 00 74
E4 21 02 00 50 48 00 80 29 04 20 40 00 40 00 00
0D 44 00 36 00 00 00 00 20 04 20 31 00 04 10 0A
00 00 40 38 00 42 01 13 82 09 01 80 06 00 04 22
82 49 04 49 05 50 00 01 40 00 00 31 02 70 A0 16
68 80 19 80 00 C0 20 10 00 08 00 01 00 52 0D 00
01 02 20 83 00 23 40 92 50 20 00 1A 18 10 00 28
10 00 04 44 30 20 16 20 04 02 40 00 10 26 08 61
02 00 04 00 2C 00 04 40 50 09 02 08 08 02 00 51
80 01 00 2A 10 38 42 00 06 01 01 23 90 10 00 00
00 80 42 00 81 C0 00 80 28 28 00 80 80 0B 64 08
10 00 00 14 00 80 00 24 80 04 00 01 00 C0 00 02
02 08 41 80 00 C2 00 04 40 00 40 02 80 42 03 48
00 81 10 40 16 00 44 18 84 04 0A 04 02 00 A4 00
00 04 4B 00 01 14 80 00 40 00 01 40 18 84 08 80
88 A0 29 90 A1 81 00 08 00 20 0C 09 08 28 04 20
00 20 16 64 05 06 00 00 08 20 80 10 04 41 90 00
19 00 00 00 86 11 54 A0 00 02 80 52 00 12 01 04
13 00 08 20 00 A3 0D 00 04 00 09 80 08 03 00 84
02 30 08 30 02 00 4A 18 00 18 00 96 02 34 20 D4
10 01 98 00 40 00 09 02 48 00 08 00 48 81 20 20
70 00 00 00 40 00 14 00 10 40 08 92 00 05 00 06
80 00 81 34 00 08 08 38 50 00 41 80 40 C8 81 80
48 40 11 10 01 12 08 10 10 B4 00 40 49 00 03 0C
08 10 08 1A 00 00 00 44 49 04 00 40 21 00 A9 00
41 10 00 B8 81 68 0C 08 0A 01 09 21 01 22 10 20
2D 15 09 18 03 40 00 00 4C 0E 00 08 08 80 00 04
0A 4E 01 50 08 21 08 24 00 A4 00 4C 00 C0 04 21
04 78 2C D4 20 10 E5 60 00 52 18 81 10 00 08 00
08 08 80 10 03 20 11 01 41 02 40 00 E0 C4 64 34
E2 40 50 0C 01 00 00 04 00 96 19 84 00 06 1C 00
90 20 C0 92 30 08 B4 48 03 C0 0C 02 0C 21 04 A8
40 00 60 20 01 14 01 00 05 01 04 C0 04 80 20 1C
40 40 54 0C 90 02 44 03 00 00 40 82 43 B2 01 02
70 32 02 01 80 00 00 00 00 62 40 00 20 81 00 20
40 02 40 82 20 82 16 19 00 70 0C 50 46 00 60 40
42 40 A2 00 10 01 4E 21 00 00 81 01 05 44 06 82
88 10 01 02 40 04 20 49 10 19 34 33 12 00 30 01
02 40 16 00 80 A4 01 A8 B4 08 01 84 1A 80 08 00
20 01 00 00 A0 02 73 02 34 24 65 00 20 34 02 04
0A 40 00 00 82 42 82 22 A0 01 90 00 04 20 48 20
08 20 49 09 0C 09 00 01 04 02 9E 10 48 21 50 C9
01 90 09 80 08 41 28 00 33 00 54 40 01 81 00 80
81 00 02 0B D4 0D 3E 03 40 40 03 08 00 90 00 08
20 90 00 81 01 23 00 40 10 20 18 01 00 0C 38 32
00 02 36 09 31 19 1A 08 00 08 10 89 12 00 93 05
58 A0 00 A2 40 00 08 88 20 0B 20 80 28 00 C9 02
00 06 80 28 80 10 C6 00 C0 80 04 00 00 10 80 C0
40 00 41 80 03 60 04 80 00 04 18 20 02 45 01 00
C1 12 80 00 98 00 9C 10 00 00 48 A8 C0 80 41 02
40 40 00 40 02 00 24 00 42 00 00 E4 16 10 02 54
0C 40 06 00 00 04 08 00 80 C0 04 60 10 40 1C 40
40 00 B0 32 81 40 02 40 20 40 10 40 68 15 40 84
F0 21 48 60 50 00 A1 02 D0 0C 18 40 10 00 45 00
10 26 0C 61 20 03 C0 02 4A 12 20 42 21 01 02 10
21 00 80 00 01 C0 00 00 88 00 0C 40 02 11 80 00
10 11 08 08 00 41 46 06 48 20 12 2C 40 02 82 00
10 00 04 04 80 00 00 23 08 0A 06 00 12 11 84 11
20 00 42 03 02 0A 00 C3 C0 A0 84 00 20 A3 40 02
80 10 A0 00 04 01 08 00 80 48 85 80 03 02 02 02
00 04 06 40 25 00 00 81 40 E4 06 98 21 00 48 0C
10 09 82 10 28 2D 00 84 02 00 22 20 20 28 00 00
32 00 10 41 38 48 21 00 20 00 01 02 08 20 A2 11
22 30 22 00 90 20 01 02 80 90 8C 00 20 68 10 80
04 02 02 40 0C 80 00 20 40 88 40 B4 00 A0 21 40
A0 00 84 02 00 02 40 40 94 98 25 11 00 00 60 8C
00 50 00 50 0C 10 90 0A 18 00 0C 20 02 00 02 00
00 01 40 10 08 00 98 01 20 20 10 14 B8 82 00 C1
85 44 2D 00 10 08 54 00 50 00 50 00 00 24 22 88
63 84 81 15 15 1B 85 08 00 20 26 10 1A 38 08 41
04 14 00 80 00 00 16 48 13 0E 14 08 40 80 10 08
14 02 40 00 00 10 00 80 80 41 00 18 57 00 00 80
80 08 21 02 00 00 00 14 50 03 0C 00 82 11 09 2E
10 00 80 C0 88 02 0A 20 00 81 00 30 00 89 82 41
80 00 02 41 CA 02 0A 10 80 01 90 A6 84 43 21 11
20 48 86 00 A4 84 91 40 00 10 40 16 21 42 22 00
00 02 04 24 00 50 84 A0 10 88 11 20 09 0C 00 00
00 80 00 00 02 88 08 02 0C 02 40 C0 00 69 00 3C