20 30 82 90 02 31 0C 30 44 82 22 A2 02 B2 02 50
08 0E 04 00 20 02 02 48 00 27 24 45 20 02 49 00
40 08 20 0A 08 D0 81 08 80 8D 04 00 04 A1 00 45
23 40 02 00 10 00 28 04 20 40 08 01 00 22 02 10
44 08 00 48 14 40 2C 00 43 87 80 20 02 04 80 00
82 11 80 40 00 60 80 22 88 00 00 8C 00 0E 00 80
51 10 40 00 01 04 48 1C 80 A0 29 24 18 40 00 02
C2 08 20 11 0C 20 40 08 00 48 00 00 20 40 05 20
8D 22 24 81 22 16 13 41 13 24 00 04 10 31 24 22
00 00 40 00 00 01 60 08 20 08 02 00 83 50 06 08
0A 4C 19 08 84 29 14 A0 23 00 05 02 00 00 50 02
0C 42 02 01 20 10 20 14 28 00 00 00 12 00 0A 24
00 10 08 C0 69 00 20 00 52 33 51 60 54 10 80 64
01 09 2C 00 80 00 04 10 22 89 20 02 92 22 F5 41
06 14 00 0A 00 04 60 00 02 08 68 A0 08 84 C0 00
04 01 00 00 60 00 2C 02 28 52 40 30 48 85 00 01
08 E5 00 40 04 10 36 08 C4 00 86 24 00 91 00 00
60 A0 04 A8 02 80 90 06 08 02 48 48 04 00 42 D2
00 00 00 81 20 00 01 04 D0 81 11 00 72 40 61 08
08 41 20 04 20 08 09 1C 14 C2 08 10 00 04 40 40
40 46 06 10 20 0C 01 D0 01 80 00 00 01 39 24 28
C4 24 41 08 40 90 0F 86 01 05 00 82 04 00 B1 A0
E0 08 00 0C 00 24 00 C0 05 A0 00 44 89 09 04 00
C0 0A 00 28 00 81 C0 30 20 00 04 42 01 02 28 80
00 24 04 A0 20 20 44 02 23 00 00 00 00 40 20 44
12 04 00 00 18 D8 00 55 01 00 06 03 11 08 00 04
02 0C 01 10 00 00 80 82 20 0B 24 00 74 80 54 00
80 C0 10 A0 10 24 10 50 21 26 00 00 00 04 00 80
00 10 0B 08 0C 0A 29 02 01 80 A4 20 40 0A 00 03
02 00 05 B0 80 31 02 00 04 10 0A 48 22 00 00 40
10 00 00 08 0C 08 84 80 0E 82 38 00 00 00 20 06
00 88 00 21 28 01 00 0C 16 20 00 15 20 00 20 21
00 00 40 00 20 82 20 80 03 80 44 00 02 00 00 10
90 01 A0 01 80 64 90 98 06 A0 00 80 18 90 08 00
40 85 00 01 40 51 80 10 00 40 00 80 40 00 00 00
88 28 22 88 25 88 00 40 02 81 20 00 30 10 20 22
20 20 08 10 04 0A 8B 00 0C 9E 18 A0 40 04 50 17
20 03 28 22 A0 00 04 00 72 00 02 0C 00 10 04 80
08 03 8C 00 02 04 14 40 9C 21 18 11 20 24 00 00
00 06 40 22 10 20 01 10 02 88 01 04 C0 00 00 01
01 00 89 F0 C1 82 01 02 03 02 0A 14 0A 2B 14 00
80 50 05 10 14 00 20 00 18 48 16 00 81 01 01 04
42 04 44 C2 00 60 40 40 04 42 32 00 83 6A 00 0A
10 12 00 30 00 06 00 08 40 08 00 00 10 44 01 14
00 00 20 02 01 00 81 08 19 30 40 00 54 02 01 80
C0 00 00 10 00 01 C8 20 00 20 B0 10 00 20 81 09
02 00 C0 01 A0 01 09 93 10 A0 00 40 12 40 10 80
0B 05 28 10 08 00 50 4C 00 00 30 00 42 90 08 25
04 00 09 03 40 00 00 00 10 00 1A 48 00 45 00 23
00 80 16 20 42 A9 10 40 04 26 20 08 00 C9 00 74
E4 21 12 01 50 48 00 80 29 04 20 40 00 40 00 00
0D 44 00 36 00 00 00 00 20 00 20 35 00 04 10 0A
08 00 40 38 00 40 01 13 82 09 03 80 02 00 84 A2
82 49 40 49 05 50 00 05 40 00 00 31 02 F0 A0 16
68 80 18 80 00 C0 20 10 00 08 00 01 00 42 0C 00
01 02 20 83 00 03 40 82 50 20 00 12 1A 00 00 28
10 00 04 04 30 20 16 00 04 02 40 00 98 26 88 61
02 08 14 00 24 00 04 40 54 09 02 08 08 02 00 51
80 01 00 2A 50 38 42 04 06 01 01 A3 90 10 00 04
00 80 43 00 81 C0 10 C0 28 20 00 80 80 0F 24 08
10 00 00 14 00 80 00 20 80 04 00 05 00 C0 00 00
02 08 43 80 00 C2 00 24 42 00 40 02 80 42 03 48
10 81 10 40 16 00 44 18 8C 04 0A 04 02 00 A4 10
00 04 0B 00 01 50 00 00 40 02 01 40 18 84 08 80
88 A5 29 90 A1 80 00 08 00 20 0C 09 08 28 04 20
08 20 16 64 05 26 00 04 08 20 80 10 04 41 90 00
19 00 00 00 86 11 54 A0 40 20 80 52 00 12 01 04
10 00 08 00 00 A3 0D 00 04 00 09 80 08 03 00 84
02 30 08 30 02 00 4A 18 00 08 00 16 22 14 20 50
10 01 98 00 00 00 09 02 48 10 08 00 48 81 60 20
70 00 00 00 41 00 1C 00 00 40 08 82 00 05 00 06
80 00 01 64 00 00 08 38 50 01 41 80 40 C0 81 80
08 00 19 14 01 12 08 10 10 F4 04 40 49 00 03 24
08 10 08 1A 00 00 00 44 49 04 00 40 21 00 A9 00
41 50 00 98 83 48 0C 08 0A 01 09 00 01 22 00 20
2D 15 09 10 02 40 80 00 4C 0C 00 08 08 84 00 04
1A 4C 01 50 08 23 08 24 00 20 00 0C 00 80 04 21
00 E8 2C D4 20 10 65 61 00 52 18 01 12 00 0C 00
08 08 88 10 03 20 11 01 41 02 40 40 E0 C4 64 34
62 40 50 04 03 00 00 06 00 96 19 94 00 06 1C 00
90 20 80 92 20 08 F4 C8 03 C0 0C 02 0C 20 00 88
40 00 60 24 01 14 05 01 04 01 04 C0 04 88 20 0C
40 40 54 4C 90 02 40 03 40 00 40 82 03 B2 01 02
F0 32 02 01 80 01 00 00 00 42 40 02 20 81 00 20
40 02 44 82 20 E2 06 19 00 70 0C D0 46 00 00 40
42 40 A2 00 10 01 6E 21 00 00 01 11 05 04 06 82
88 12 43 02 40 04 20 49 10 19 34 13 12 00 31 01
02 40 16 00 A0 A4 09 28 B4 08 01 84 1A 80 08 00
20 09 00 00 A0 02 73 02 34 24 65 00 60 34 02 04
0A 40 00 00 82 42 82 22 00 01 90 00 04 60 08 20
38 20 49 49 0C 09 00 01 05 02 9E 10 48 21 40 C8
01 98 0B 80 08 01 28 00 33 00 74 40 01 81 00 80
81 00 02 0B D4 0D 3E 03 44 40 03 09 00 90 00 08
20 90 00 81 01 22 00 40 10 20 18 00 00 0C 08 32
00 02 36 09 31 19 1A 08 00 09 10 89 12 04 83 05
58 A0 00 A2 40 00 08 89 20 0B 20 80 28 00 C9 02
00 06 80 28 81 50 C2 00 C0 80 0C 00 00 10 80 C0
40 00 41 80 03 20 04 80 00 04 18 20 02 45 01 00
C1 12 90 00 98 00 9C 10 00 00 50 A8 C0 80 41 62
60 40 20 40 06 00 24 00 42 00 40 E4 06 10 02 14
8C 60 04 00 00 04 08 00 80 C0 00 40 10 40 1C 40
40 00 90 32 81 40 00 40 20 00 10 40 28 15 40 84
F0 21 48 60 50 00 A0 02 11 04 18 40 10 00 45 00
10 24 0C 61 20 43 C0 02 4A 18 20 40 20 01 02 10
21 00 84 00 01 C0 00 00 88 04 00 40 00 15 80 00
10 11 08 08 02 41 47 82 48 20 12 20 40 02 86 00
10 08 04 04 80 00 00 63 08 0A 06 00 12 11 86 11
20 00 42 03 02 0A 00 C1 C0 A0 84 00 20 A2 40 02
80 10 80 00 04 21 00 00 80 48 85 A0 03 22 02 02
00 04 06 C0 2D 00 00 81 40 E4 04 90 20 00 48 0E
10 09 82 11 28 2D 00 94 02 00 22 20 20 28 00 00
32 04 00 45 38 49 21 00 20 00 01 02 08 20 A8 11
2A 30 22 00 90 20 01 02 88 90 8C 00 20 68 00 80
04 02 02 40 0C 80 00 20 40 80 40 34 00 A0 01 C0
A0 00 80 02 40 00 42 40 90 98 24 11 00 00 60 88
00 50 10 50 1C 10 90 0A 10 00 08 20 02 00 02 00
00 41 40 00 08 40 98 00 21 20 88 14 B8 02 00 C1
85 C4 2D 00 10 08 56 00 50 40 70 00 00 20 20 8C
69 84 81 15 15 1B 85 08 08 2C 26 38 1A 18 08 51
04 14 00 82 00 00 16 40 13 0E 14 08 60 80 10 08
14 06 04 00 00 10 00 80 00 41 00 18 53 00 00 80
80 08 21 02 00 00 00 14 40 03 4C 10 82 44 09 0E
00 00 80 C0 88 02 0A 20 00 81 02 30 00 89 82 41
80 00 02 41 CA 02 0A 10 40 01 80 A6 84 41 21 11
20 48 06 00 A4 84 91 60 00 10 40 16 21 42 22 00
00 02 84 24 80 50 84 A0 00 88 10 20 09 0C 00 00
10 80 00 00 02 C8 08 00 0C 02 00 D0 00 69 00 3C