00 30 A2 90 03 31 04 30 50 82 22 A2 02 F4 02 50
08 0E 04 00 20 02 02 48 00 27 24 45 20 00 49 00
40 08 20 1A 08 D0 81 0C 80 8D 04 00 04 A1 01 44
23 40 02 00 10 01 28 04 20 40 08 01 00 22 02 10
44 80 00 40 14 40 24 00 43 83 80 20 00 04 80 00
82 11 80 40 00 60 80 22 88 00 00 04 04 0E 00 80
51 10 40 00 01 04 48 1C 80 80 29 24 18 60 00 02
C2 08 20 11 0C 20 40 08 00 48 00 00 20 40 05 20
85 20 24 01 22 16 13 41 13 24 00 04 10 21 24 22
00 00 40 00 00 00 60 00 20 08 02 00 82 50 02 00
0A 44 18 08 84 09 04 80 23 00 05 02 00 00 40 02
1C 42 12 01 20 10 20 14 28 00 00 00 12 00 0A 24
00 10 08 C0 29 00 00 00 12 33 01 60 44 10 00 66
01 09 28 00 80 00 00 10 22 89 20 02 92 22 F7 41
06 90 00 0A 00 04 60 00 02 08 68 A0 08 84 C0 00
04 01 00 00 20 00 08 02 28 52 40 30 48 85 00 01
08 85 00 48 00 11 32 08 C4 00 84 24 00 91 02 00
60 80 04 88 00 00 90 02 08 02 48 48 04 00 42 D2
00 00 00 81 20 00 01 04 D0 81 11 00 52 40 23 08
08 41 20 00 20 00 01 0C 14 C0 08 10 08 04 40 40
40 44 06 10 20 0C 01 50 05 80 00 00 00 39 20 28
C4 24 41 08 40 80 0F 06 01 05 00 02 00 00 B1 A0
E0 08 00 0C 10 24 00 C0 05 20 01 44 01 01 44 00
C0 0A 00 28 00 81 C0 70 00 00 04 02 01 02 28 80
00 04 04 A0 20 20 44 02 21 00 00 00 00 40 20 40
12 04 08 00 18 50 00 51 00 04 02 0E 01 08 00 04
02 0C 00 10 00 00 80 82 20 0B 24 00 20 80 14 00
80 C0 10 A0 00 24 10 50 21 06 00 00 00 04 04 80
00 10 09 08 0C 0A 29 02 01 00 A4 20 C0 0A 00 03
02 00 05 24 80 B1 02 00 04 10 0A 40 22 00 00 40
00 00 00 08 0C 08 84 80 0C 82 38 00 00 00 20 02
00 88 00 21 28 01 00 0C 12 20 80 00 20 00 20 21
00 00 40 04 20 82 20 00 03 80 44 00 02 00 00 10
90 01 A0 01 00 24 90 98 04 A0 00 80 18 90 08 00
40 85 00 01 40 50 80 10 08 40 00 80 40 00 80 00
88 28 22 88 25 88 00 40 02 81 28 00 30 10 20 22
20 20 08 10 04 0A 8B 10 0C 9E 18 80 40 04 60 15
20 03 28 02 A0 00 04 00 72 00 02 08 00 10 02 80
00 03 8C 00 00 04 14 41 9C 21 18 11 21 24 41 00
00 06 40 00 00 20 01 10 02 88 01 04 C0 00 00 01
00 00 89 B0 E0 82 01 02 01 12 0A 14 0A 2B 10 00
80 50 05 10 04 00 20 00 18 48 16 00 81 01 01 04
02 04 44 80 00 60 00 40 04 42 32 00 81 EA 00 02
00 12 20 30 00 06 00 08 40 08 00 00 00 44 01 04
00 01 20 02 00 04 81 18 08 10 40 00 14 02 01 80
C0 00 00 10 00 01 C8 20 00 20 B0 10 00 20 80 08
02 00 40 01 A0 03 00 11 10 A0 00 40 12 40 10 80
0B 05 28 10 08 00 10 48 00 00 30 00 46 90 08 25
04 00 09 02 50 00 00 00 10 08 1A 48 00 45 10 23
00 80 16 20 42 A9 10 40 04 26 21 09 40 C9 00 74
64 20 12 10 50 48 00 80 29 04 20 40 00 40 00 00
0D 44 00 26 00 00 00 00 20 00 20 35 00 04 10 0A
08 00 40 38 00 02 01 12 02 19 01 80 06 00 84 22
82 49 04 49 05 50 00 01 40 00 00 31 02 F0 A0 16
68 80 18 80 00 40 20 10 00 08 00 01 00 5A 04 00
01 02 00 83 00 03 C0 82 50 20 00 12 1A 10 00 28
10 00 04 04 30 20 16 20 04 02 40 00 10 26 88 60
02 00 14 00 24 00 04 00 54 09 00 08 08 02 00 51
C0 01 00 2A 14 30 40 00 06 01 01 23 90 10 00 00
00 80 42 00 81 C0 00 C0 08 28 00 00 80 0B 20 08
10 00 00 94 04 80 02 24 80 04 00 05 00 C0 00 00
02 08 43 80 00 C2 00 04 40 00 00 42 80 42 03 48
00 81 10 40 16 00 44 18 8C 04 0A 04 03 00 24 00
00 04 0B 00 01 10 80 00 40 02 01 40 18 84 08 80
88 A4 29 90 A1 81 00 08 00 20 0C 09 08 28 04 20
08 20 16 64 05 26 00 00 08 20 00 10 04 41 90 00
59 00 00 00 86 11 54 A0 00 22 80 52 00 12 01 24
10 00 08 00 00 A3 05 00 04 00 09 80 08 03 00 84
00 30 08 30 02 00 48 18 00 18 00 96 02 14 20 50
10 21 80 02 00 00 09 02 48 10 00 00 48 81 60 20
70 00 00 00 40 00 14 00 20 40 00 92 00 05 00 06
00 00 81 64 00 00 08 38 50 00 41 80 40 C8 81 80
08 00 13 10 01 12 08 10 10 F4 00 40 49 00 03 04
08 10 08 3A 00 00 00 44 49 04 20 40 21 00 89 00
41 10 00 B8 81 68 0C 08 0A 01 09 00 01 22 00 20
2D 15 09 18 03 40 80 00 44 0C 00 08 08 84 00 04
0A 4C 01 50 08 01 08 24 00 A0 00 0C 00 C0 04 21
00 78 2C 94 20 10 65 60 00 12 18 89 12 00 08 20
08 08 80 10 02 00 11 01 41 02 40 00 E0 C4 74 34
E2 40 50 00 05 00 00 04 00 96 19 84 00 42 1C 00
90 20 80 92 30 08 B4 C8 01 80 04 02 08 20 04 08
40 00 60 20 01 14 01 00 04 01 04 C0 04 88 20 0C
40 00 54 0C 90 02 44 03 40 00 40 82 03 B2 01 00
F8 32 02 01 80 00 00 40 00 62 40 00 20 81 00 20
40 02 44 82 20 A2 16 19 00 70 0C 50 46 00 00 40
42 42 A2 00 00 01 4E 21 00 00 01 01 05 04 06 82
88 10 41 02 40 00 20 49 10 19 30 13 12 00 30 01
06 40 16 00 A0 A4 09 28 B4 08 01 80 1A 00 08 00
20 01 00 00 20 02 63 02 34 24 25 00 60 34 02 04
0A 40 00 00 82 42 82 22 00 05 10 00 04 20 0A 20
08 20 48 09 0C 09 00 05 04 02 9E 10 48 21 40 C9
01 90 09 80 08 01 29 00 33 04 54 40 01 81 00 80
81 00 02 0F D4 4D 38 03 40 40 03 08 00 90 00 08
22 90 08 81 01 23 00 40 10 20 18 00 00 0C 00 32
00 02 36 09 31 19 1A 08 00 08 11 89 12 00 93 05
18 A0 00 A2 40 00 08 88 20 0B 30 80 28 00 C9 02
00 06 80 28 01 10 C2 00 C0 80 0C 00 00 10 80 C0
40 00 45 80 03 40 04 80 00 04 18 20 02 45 01 00
C1 12 80 00 98 00 9C 10 00 00 50 A0 80 80 41 02
40 40 00 40 06 00 24 00 42 00 40 E4 16 10 02 14
0C 60 06 00 00 04 08 00 80 C0 00 60 10 40 1C 40
40 00 B0 32 81 40 00 40 20 00 10 40 68 15 40 84
F0 20 4A 60 50 00 A0 02 91 04 18 40 10 00 45 00
10 24 04 61 20 43 C0 00 4A 10 20 42 20 01 02 10
21 00 84 00 01 C0 00 00 88 04 0C 40 00 11 80 00
10 11 00 08 00 40 46 82 48 20 12 28 40 02 82 00
10 00 04 04 80 00 00 23 08 0A 06 00 12 11 84 11
20 00 42 03 02 0A 00 C3 C0 A0 84 00 20 22 40 02
80 10 A0 00 04 01 00 00 80 48 85 80 03 22 02 02
00 04 06 40 25 00 00 81 40 E4 04 98 20 00 48 0C
10 09 82 10 28 2D 00 84 02 00 22 00 22 28 00 00
32 04 00 45 18 49 21 00 20 00 01 02 08 20 A0 11
22 30 22 00 90 20 01 02 88 91 8C 00 20 68 04 80
04 02 02 40 0C 80 00 20 40 80 00 B4 20 A0 20 40
A0 00 80 02 00 02 00 40 90 98 24 11 00 00 60 88
00 50 00 50 1C 10 90 0A 18 00 0C 20 02 00 82 00
00 41 40 00 18 40 98 00 20 20 80 14 B8 02 00 C1
84 44 2D 00 10 08 54 00 50 00 70 00 00 20 20 88
69 84 01 05 14 0B 85 08 08 20 26 30 1A 38 48 41
04 14 00 82 00 00 16 40 13 8E 14 00 40 80 10 09
14 02 04 00 00 00 00 80 80 41 00 18 43 00 00 80
80 08 21 02 00 00 00 14 50 07 0C 10 82 10 09 0E
00 00 80 80 88 02 0A 20 00 81 00 30 00 09 82 40
B0 00 02 41 CA 02 0A 00 40 01 80 A6 84 43 21 01
20 48 06 00 A4 84 91 40 00 10 00 16 21 42 22 00
00 02 84 24 00 50 84 A0 00 88 11 20 09 0C 00 00
00 80 00 00 02 C0 08 02 0C 02 40 C0 00 69 00 3C