00 30 8A 90 03 31 0C 30 40 80 22 A2 22 B2 22 50

08 0E 04 00 20 02 02 48 00 27 24 45 20 02 49 00

40 08 20 1A 08 D2 81 08 80 8D 04 00 04 A1 01 44

23 40 02 00 10 00 28 04 20 40 08 01 00 22 02 90

44 8A 24 40 14 40 2C 00 43 83 80 20 00 04 80 02

82 11 84 40 00 60 80 62 88 00 00 8C 04 0E 00 80

51 10 40 00 41 04 49 1C 80 A0 29 24 18 60 00 12

C2 88 20 11 0C 20 40 08 00 48 00 00 20 40 05 20

8D 22 24 83 22 16 13 41 13 24 00 04 14 31 24 22

00 00 80 00 00 01 60 08 20 08 02 00 82 50 06 08

0A 6C 18 08 84 29 04 80 23 00 05 02 01 00 51 00

3C 42 12 01 22 10 20 14 28 00 00 00 12 00 0A 24

00 00 08 C0 29 00 20 00 52 33 51 40 44 10 80 66

01 01 28 00 80 08 04 10 62 89 20 0A 92 22 F5 51

06 94 02 0A 00 04 60 00 02 08 68 A0 88 84 C0 00

04 11 00 00 60 00 08 02 28 52 40 12 48 05 00 01

08 85 00 48 04 10 36 08 C4 00 86 24 00 90 02 00

60 80 04 88 00 00 90 06 08 02 48 48 04 00 42 D2

00 00 00 81 20 00 01 04 D0 81 11 00 72 40 29 08

08 01 20 00 20 08 01 5C 14 C0 08 10 08 04 40 40

40 44 06 10 20 0C 01 50 01 80 00 00 01 39 24 28

C4 24 40 08 40 90 0F 06 01 05 00 82 04 00 B1 A0

E0 09 00 2C 00 24 00 C0 05 A0 01 4C 81 09 44 00

90 0A 00 28 00 81 C0 70 20 00 04 42 01 02 08 80

00 24 04 A0 20 20 44 02 23 00 00 00 00 40 20 40

32 04 08 80 19 D8 00 55 01 04 02 0A 01 08 20 04

02 0C 00 10 00 00 90 82 20 0A 24 00 70 80 54 00

80 C0 10 80 00 24 10 50 21 26 0A 10 00 04 08 80

00 10 0B 08 0C 0A 29 02 01 80 A5 20 C0 0A 00 01

02 10 05 A0 A0 31 02 00 04 10 0A 40 22 00 00 40

00 00 08 08 0C 00 84 80 0C 82 30 00 00 00 20 02

10 88 00 21 24 01 00 0C 12 00 80 05 20 00 20 21

00 00 40 04 20 82 20 80 03 80 64 00 02 00 00 10

90 01 A0 01 00 64 90 98 04 A0 00 80 18 90 08 01

40 85 00 01 40 50 80 10 08 C0 00 80 40 00 80 00

88 28 22 88 25 88 00 40 02 81 20 00 30 10 20 22

20 20 08 10 04 4A 8A 10 0C 96 18 A0 40 04 70 15

20 03 28 02 A0 00 04 00 72 00 02 0C 00 10 06 80

0C 03 8C 00 00 04 14 40 9C 21 18 51 20 A4 41 00

00 06 40 02 10 20 01 10 02 C8 01 05 C0 00 00 01

01 00 C9 F0 C0 82 01 02 03 02 0A 14 0A 03 14 00

80 51 05 40 14 00 20 04 18 48 16 00 81 01 41 04

42 06 44 82 00 60 00 40 04 42 32 01 81 6A 00 0A

00 12 20 30 00 06 00 08 40 08 00 00 00 44 01 04

00 00 20 02 00 04 A1 18 19 10 48 00 54 02 01 80

C8 00 00 10 00 01 C8 20 00 20 B0 10 00 A0 80 09

02 30 C0 41 A0 03 09 13 10 A0 00 40 12 40 10 80

0B 05 28 10 08 00 52 58 00 00 30 00 C6 90 08 25

04 01 29 03 50 00 00 00 10 08 1A 48 00 45 10 23

04 80 16 20 43 A9 10 40 00 26 21 08 00 C1 00 74

64 21 12 10 50 48 00 80 29 04 20 40 00 40 00 00

09 44 00 36 00 00 04 00 20 00 20 11 00 04 90 0A

08 00 00 38 01 40 01 13 82 09 03 88 06 00 84 A2

82 49 04 49 05 50 00 81 40 00 00 31 82 70 A0 16

68 80 19 80 00 C0 20 10 20 08 00 01 01 52 04 00

01 02 20 83 00 03 40 82 50 20 00 1A 1A 10 00 20

10 00 04 44 30 20 16 20 04 12 40 00 98 26 88 60

02 08 14 00 0C 00 04 40 54 09 02 08 08 02 00 51

80 03 00 2A 10 3A 40 00 06 01 01 23 90 10 00 04

00 80 02 00 81 D0 00 80 28 20 00 80 80 2B 22 08

00 00 00 14 00 80 00 24 80 04 00 05 00 C0 00 02

02 0C 43 80 00 C2 00 04 40 00 40 42 C1 42 03 48

00 81 10 40 17 00 44 18 8C 04 0A 04 02 00 A4 10

00 04 0B 04 01 14 80 00 40 02 01 40 18 84 08 80

88 E0 29 90 A1 80 08 08 00 20 0C 09 08 28 04 00

10 20 16 64 05 26 00 04 00 20 80 10 04 41 90 00

19 00 00 00 86 11 54 A0 40 22 80 52 00 12 11 24

19 00 88 00 40 A3 0D 20 04 00 09 80 08 07 00 84

02 30 88 30 02 00 4A 18 00 08 00 96 02 14 20 D4

90 01 90 02 00 00 09 02 48 10 08 00 40 83 20 20

70 00 00 00 40 00 14 00 20 40 08 92 00 05 00 06

81 00 01 64 00 00 08 38 50 01 41 80 40 C0 81 80

08 00 11 10 01 12 08 10 10 F4 00 40 49 00 03 2C

08 10 08 3A 00 00 00 44 49 04 20 40 21 40 A9 00

41 10 00 98 81 68 0C 08 0A 01 0B 20 01 22 80 20

2D 15 09 10 02 40 A0 80 4C 0C 00 08 08 80 00 04

0A 4C 01 50 08 23 08 24 00 A0 00 0C 04 C0 04 21

00 F8 2C D4 20 10 65 60 00 52 18 81 12 00 08 20

08 08 A0 10 03 20 11 01 41 02 40 00 E0 C4 76 34

E2 40 54 04 05 00 00 06 00 96 19 94 00 06 1C 00

90 20 C0 92 30 09 B4 C8 02 80 04 00 0C 21 04 A8

40 00 60 24 07 14 01 00 05 00 04 C0 04 80 20 0C

40 40 54 0C 94 02 44 03 40 00 40 82 03 B2 01 02

78 32 02 21 80 21 00 40 01 4A 41 00 20 81 00 20

40 02 40 82 20 E2 16 19 04 70 0C D0 46 00 60 40

42 40 A2 00 00 01 4E 21 00 00 01 11 05 04 06 82

88 10 01 02 40 04 20 49 10 19 30 33 12 00 31 01

06 40 16 00 A0 A4 09 A8 B4 08 81 84 1A 80 08 00

20 21 00 00 A0 02 63 02 34 24 65 00 60 34 02 04

0A 40 00 00 82 42 82 22 00 01 90 00 04 60 4A 20

18 20 49 49 0C 01 00 01 05 02 9E 10 48 21 50 C1

00 90 09 80 08 01 28 00 33 00 54 40 09 81 00 80

81 00 02 0F D4 4D 3C 01 40 40 03 08 00 90 00 08

28 80 00 81 01 23 00 40 10 20 18 01 00 0C 28 32

00 01 36 09 31 19 1A 08 00 08 00 49 12 04 83 05

58 A0 00 A2 40 00 08 88 20 0B 20 80 28 00 C9 02

00 06 81 28 81 10 C6 00 C0 80 0C 00 00 10 80 C0

40 00 41 80 03 00 04 80 00 04 18 20 02 45 01 00

C1 12 80 00 98 00 9C 10 00 00 00 A8 C0 80 01 02

40 40 00 40 02 00 24 00 42 00 40 E4 16 10 02 54

0C 60 06 00 00 04 08 10 80 80 04 60 10 00 3C 40

40 00 90 32 81 40 00 40 20 00 10 50 68 15 40 84

F0 21 4A 60 50 00 A1 02 D0 0C 10 40 10 00 45 00

10 24 08 71 20 03 40 02 42 12 20 42 20 01 02 10

21 00 84 00 11 C0 00 00 88 00 0C 60 00 11 80 00

10 11 08 08 00 40 47 C6 48 20 12 20 40 02 82 02

10 00 04 04 80 00 00 63 08 0A 07 00 13 11 84 11

20 00 42 03 02 0A 00 C3 C0 E0 84 10 20 A2 40 02

80 10 A8 80 00 01 08 00 80 48 85 A0 03 02 02 02

00 04 06 40 2D 00 00 81 40 E4 16 90 21 00 48 0C

10 09 82 10 28 2F 00 84 02 00 22 60 20 28 00 00

32 04 00 41 38 49 21 00 20 00 01 02 08 20 AA 11

22 30 22 00 90 20 01 02 88 91 8C 10 20 68 10 80

04 02 02 40 0C 80 00 20 40 80 00 B4 20 A0 20 40

A0 00 80 02 40 00 40 00 90 98 25 11 00 00 60 8C

00 50 10 50 1C 10 90 0A 18 42 0C 20 02 00 02 00

00 41 40 10 08 00 98 00 21 20 88 14 B8 02 00 C1

85 C4 2D 00 10 08 54 00 50 00 70 00 00 20 22 88

6B 84 81 15 14 1A 85 08 00 24 26 38 1A 38 48 51

04 14 00 80 00 00 96 48 13 0E 1C 08 60 80 10 09

14 06 44 00 00 00 00 80 80 41 40 18 53 00 00 80

80 08 21 00 00 00 00 14 50 07 4C 10 82 04 08 0E

10 00 80 80 88 02 0A 20 00 81 42 30 00 89 82 40

80 00 02 41 CA 02 0A 10 40 01 80 86 84 41 21 11

20 48 86 00 A4 86 91 60 00 30 40 16 21 42 22 00

00 02 04 24 00 50 84 A0 00 88 11 20 09 0C 00 00

10 80 80 00 0A C8 08 40 0C 02 40 50 00 69 00 3C