20 30 82 90 83 31 8C 30 40 82 22 A2 02 B2 20 50
08 0E 04 00 00 02 02 48 00 27 20 05 20 02 49 00
40 08 20 0A 08 D2 01 08 80 8D 00 00 04 A1 01 44
23 40 02 00 10 00 28 04 20 40 08 00 00 22 02 10
44 82 04 40 14 40 24 00 43 87 80 20 00 04 00 02
82 10 80 40 00 60 80 62 8C 00 00 0C 04 0E 00 80
51 10 40 00 01 04 49 1E 80 A0 29 24 18 40 00 02
C0 08 20 1B 08 20 40 08 00 48 00 00 20 40 05 20
8D 22 2C 01 22 16 1B 41 13 24 00 04 10 31 24 22
00 20 40 00 00 01 60 10 20 00 00 00 83 50 06 08
0A 0C 19 08 84 29 04 20 23 00 05 02 00 00 51 02
2C 42 02 01 20 10 20 14 28 04 00 00 12 00 0A 24
00 10 08 C0 E9 00 20 00 12 13 41 40 54 10 80 64
01 09 28 00 80 00 00 10 A2 89 00 02 92 22 F4 C1
06 10 00 08 00 04 60 00 02 08 68 A0 88 84 C0 00
04 11 00 00 60 00 2C 02 28 52 40 12 48 05 00 01
09 C5 00 48 04 10 36 08 44 00 84 24 00 90 02 00
62 80 04 88 02 80 90 06 08 02 48 48 04 00 42 D2
00 00 00 81 20 00 00 04 D0 81 11 00 72 41 61 08
08 01 22 00 20 08 01 1C 16 C0 08 10 00 04 40 40
40 44 06 10 20 0C 01 D0 01 80 00 00 01 39 24 28
84 24 41 08 40 90 0E 06 01 05 00 02 04 00 B1 A0
E0 09 00 0C 00 24 00 C0 05 A0 00 4C 81 01 44 00
80 0A 00 28 10 81 C0 70 00 00 04 42 01 02 08 80
00 24 04 A0 20 20 44 02 21 00 00 00 00 40 20 40
12 04 08 00 19 D0 00 51 01 00 22 8A 11 08 00 04
02 0C 00 10 00 00 80 82 20 0E 24 00 74 80 54 00
80 C0 10 A0 00 24 10 50 21 06 0A 00 08 04 04 80
00 10 0B 08 0C 0B 29 02 01 80 E5 20 40 0A 00 03
02 00 05 A4 80 31 02 00 04 10 0A 48 22 00 00 40
00 00 00 08 0C 00 84 80 0E 82 38 40 00 00 20 02
12 88 00 21 28 01 00 04 12 20 00 14 20 00 20 21
00 00 40 00 20 02 20 80 03 80 44 00 02 08 00 10
90 01 A0 01 00 6C 90 98 05 A0 00 80 18 90 08 01
40 81 00 01 40 50 80 10 00 40 00 80 40 00 00 00
88 28 22 88 25 88 00 40 02 81 20 00 30 10 20 22
20 20 00 10 04 0A 8B 00 0C 96 18 80 40 04 50 15
20 03 28 02 A0 00 04 00 72 00 08 08 00 10 02 80
08 03 8C 00 00 04 14 41 9C 21 18 11 20 24 40 00
00 06 40 22 10 20 01 10 02 88 01 04 C0 00 00 01
01 00 89 F1 C1 82 01 02 03 12 0A 14 0A 03 10 00
80 50 05 50 14 00 20 04 18 40 16 00 C0 01 01 04
42 04 44 82 00 60 40 40 04 42 22 00 81 6A 00 0A
00 12 20 30 00 06 00 08 40 08 00 00 10 44 01 04
00 01 20 02 00 00 81 08 18 10 40 08 44 02 01 80
C8 00 00 10 00 01 C8 00 00 20 B0 10 00 20 80 08
02 20 C0 41 A0 03 01 53 10 B0 00 40 12 40 10 80
0B 05 28 10 08 00 52 48 00 00 30 00 C6 90 08 25
04 21 09 03 50 00 00 00 10 08 1A 48 00 45 12 03
00 80 16 20 42 A9 10 40 04 26 20 09 40 C9 00 34
64 24 12 00 50 48 00 80 29 04 20 40 00 40 00 00
0D 44 00 36 00 00 00 00 20 04 20 35 00 04 90 0A
08 00 00 28 00 40 01 12 82 09 01 80 06 00 84 22
82 49 04 49 05 40 00 01 40 00 00 31 02 70 A0 16
68 80 19 80 00 40 20 10 00 08 00 01 00 42 05 00
01 02 00 83 00 03 40 82 50 20 00 12 1E 10 00 28
10 00 04 04 30 20 16 00 04 12 C0 00 10 26 88 60
02 08 14 00 2C 00 04 40 54 09 02 08 08 02 00 51
80 01 00 2A 10 B0 42 00 06 01 00 23 90 10 20 00
00 80 03 00 81 C0 10 80 28 28 00 80 80 0B 64 08
10 00 00 14 04 80 00 24 80 04 00 05 00 C0 00 02
02 0C 43 80 00 C2 00 04 42 00 00 42 80 42 03 48
00 81 10 40 17 00 44 18 84 04 0A 04 02 00 A4 00
00 04 0B 04 01 14 00 00 40 02 01 40 18 80 08 80
88 A4 29 90 A1 81 08 08 00 00 0C 09 08 28 04 20
00 20 16 64 05 26 00 00 08 20 80 10 04 41 90 00
19 00 00 00 86 11 54 A0 00 22 80 52 00 12 01 24
12 00 08 20 00 A3 0D 20 04 00 09 80 08 07 00 84
02 30 08 30 02 00 4A 18 00 08 00 16 02 14 20 D0
10 89 80 00 00 00 08 02 48 10 08 00 48 81 60 20
70 00 00 00 40 00 14 00 00 40 08 92 00 05 00 06
80 00 01 64 00 00 08 38 50 00 41 80 40 C0 81 80
08 00 1B 10 01 12 08 10 10 F4 00 40 49 00 03 0C
08 11 08 18 08 00 00 04 49 04 00 40 21 00 A9 00
41 10 00 B8 81 48 0C 08 0A 01 09 00 01 22 00 20
21 05 09 1A 03 40 80 00 4C 0C 00 08 08 84 00 04
0A 4C 01 50 08 23 08 24 00 24 00 4C 00 C0 04 21
00 78 2C 54 20 10 65 60 00 52 18 01 10 00 08 20
08 08 90 10 03 00 11 01 41 02 40 00 E0 C4 64 34
62 40 10 0C 01 00 00 04 00 96 19 94 00 06 1C 00
90 20 C0 92 30 08 B4 C8 03 80 04 02 0C 20 04 88
40 00 60 20 01 14 05 00 04 00 04 C0 04 80 20 0C
40 40 54 0C 94 02 44 03 40 00 40 82 03 B2 01 00
70 32 02 21 80 21 00 40 00 62 00 00 20 81 00 20
40 02 44 82 20 E2 16 19 00 70 8C 50 42 00 60 40
42 42 A2 00 10 01 4E 21 00 00 01 11 05 04 06 82
88 12 01 02 40 04 28 49 10 19 30 13 92 00 31 01
02 40 16 00 80 A4 09 28 B4 08 01 84 1A 80 48 00
20 21 00 00 A0 02 63 02 34 24 25 00 60 34 02 04
0A 40 00 00 82 4A 82 02 00 01 90 00 04 20 0A 20
38 20 49 49 0C 09 00 01 04 02 9E 10 48 21 40 C8
00 98 09 80 08 41 28 00 33 00 54 40 01 81 00 80
81 00 02 0F D4 4D BE 43 40 40 03 08 00 90 00 08
22 90 00 81 01 23 00 40 10 20 18 01 00 0C 28 32
00 02 36 09 31 19 1A 08 00 08 10 89 12 04 93 05
08 A0 00 A2 40 08 08 88 20 0B 20 80 28 00 89 02
00 06 81 28 80 50 C6 00 C0 80 04 00 00 90 80 C0
40 00 41 80 03 40 04 80 00 0C 98 20 02 45 01 00
C1 12 90 00 98 00 94 10 00 00 58 A8 C0 80 01 42
40 40 00 40 06 00 24 00 42 00 40 E4 16 10 02 14
0C 40 06 00 00 04 08 00 80 C0 00 60 10 00 1C 40
40 00 90 32 81 40 00 42 22 00 10 40 28 15 40 84
F0 21 48 60 50 00 A1 02 90 04 18 40 10 00 45 00
10 24 0C 61 20 03 40 02 4A 10 20 40 20 81 02 10
21 00 80 00 11 C0 00 00 88 00 0C 40 02 15 80 00
10 11 00 00 00 40 47 82 48 20 12 28 40 02 86 00
10 00 04 44 80 00 00 63 00 0A 07 00 12 11 04 11
20 00 42 03 02 0A 40 C3 C0 E0 84 00 20 A3 40 02
80 10 A8 00 04 01 08 00 80 48 85 A0 03 02 02 02
00 04 06 40 25 00 00 81 40 E4 06 98 21 00 48 0C
10 09 82 11 20 2D 00 84 02 40 22 20 20 28 00 00
32 04 00 45 38 49 21 00 20 00 01 02 08 20 A0 11
22 30 22 00 90 20 01 02 88 92 8C 00 20 68 10 80
04 06 00 40 0C 80 00 20 40 80 00 B0 00 A0 20 40
A0 00 80 02 40 00 40 40 90 98 04 11 00 00 60 88
00 52 00 50 1C 10 90 0A 18 00 0C 20 02 00 02 00
00 00 40 10 18 00 98 00 31 20 80 14 B8 02 00 C1
85 44 2D 00 10 08 56 00 50 00 70 00 00 24 22 88
69 84 81 05 15 1B 85 08 00 20 26 30 1A 38 48 41
04 14 00 80 00 00 16 40 13 0E 14 08 60 80 10 08
14 02 44 00 00 00 00 80 80 41 40 18 43 00 00 80
C0 08 21 02 00 00 00 14 50 07 4C 10 86 14 09 0E
00 00 80 C0 88 02 0A 20 00 81 00 30 00 09 82 40
90 00 02 41 CA 02 0A 10 40 01 80 A6 84 43 21 11
60 40 04 00 A4 84 91 40 00 10 40 16 21 42 22 00
00 02 04 24 00 50 A4 A0 10 88 11 20 09 0C 00 00
10 80 00 00 02 C8 08 40 0C 02 00 C0 00 69 00 3C