20 30 AA 90 03 B1 AC 31 5C 82 2A A2 22 B6 22 50
08 0E 04 00 24 02 02 48 10 27 24 45 60 12 49 00
48 08 28 0A 08 D2 81 0C 88 89 04 00 04 A9 41 4C
63 40 02 40 10 04 08 04 20 40 08 01 00 26 02 90
44 82 24 50 15 40 2C 00 43 87 80 60 02 14 82 02
82 11 84 52 00 62 80 62 88 00 00 0C 04 8E 04 80
59 10 40 00 41 04 49 1E 90 A0 29 24 18 60 02 32
C2 88 20 1B 0C 20 40 08 00 48 40 02 20 40 05 24
8F 72 2C 81 22 16 1B 41 33 24 00 06 10 31 24 22
08 20 C0 00 00 01 68 98 20 08 02 04 92 50 06 08
0A 4C 19 08 C4 19 04 A0 23 00 45 02 01 00 51 00
3C 42 22 01 20 10 20 14 28 05 00 00 12 00 0A A4
00 30 08 C0 69 00 20 00 52 33 D4 E0 54 10 80 66
01 09 2C 00 80 08 00 10 EA 89 20 0A 92 22 F7 51
46 14 82 0E 02 14 40 00 02 48 68 A0 C8 84 C0 40
04 01 00 06 60 00 2C 02 28 52 40 32 48 8D 08 01
09 E5 00 48 04 11 36 08 44 00 86 24 00 91 02 00
60 88 0C A8 12 80 90 02 08 02 48 48 04 00 42 D2
04 00 00 81 20 80 01 04 D0 81 11 00 72 41 63 08
08 41 26 00 20 08 01 5C 16 C2 08 10 00 44 40 40
42 44 06 10 20 0C 01 D0 07 80 00 00 01 39 24 38
84 24 43 08 40 80 0F 36 01 05 08 82 04 00 B1 E0
E0 19 80 2C 10 26 00 C0 05 A0 81 44 81 09 44 08
90 0A 00 28 90 85 C0 70 20 00 04 42 00 02 A8 80
00 24 04 B0 20 20 46 02 27 02 00 10 04 40 24 44
32 06 08 C0 5B DC 00 55 11 04 26 8B 11 08 20 05
02 0C 00 11 00 10 80 82 60 0B 64 00 74 80 54 00
A0 D1 10 A0 10 25 11 50 21 26 0A 00 08 04 02 80
00 11 0B 08 0C 0F A9 02 01 80 A7 A8 40 0A 00 01
22 50 05 B4 C0 39 02 00 04 10 8B 48 22 20 00 42
10 00 08 08 0C 08 84 80 0E 82 38 40 C0 60 20 06
10 88 00 21 24 11 00 0C 12 20 80 14 20 00 20 21
40 00 40 04 20 82 20 80 03 80 64 00 62 08 62 12
90 01 A0 01 80 6C 90 98 07 A0 04 80 38 90 08 01
40 85 00 01 40 51 80 10 00 C2 01 80 40 00 80 00
88 A8 32 88 25 88 01 40 22 81 20 24 30 10 20 22
60 2A 08 10 04 4A 8A 10 0C 96 38 A0 48 04 50 15
20 03 28 02 A0 48 04 80 72 00 0A 4C 00 10 06 81
0C 03 8C 00 02 04 15 40 9C 21 18 71 20 24 41 00
10 06 40 22 10 21 01 10 42 C8 01 05 C0 01 02 01
23 00 C9 F1 C1 82 01 12 13 02 0A 14 0A 23 50 00
80 50 05 50 04 00 20 0C 18 48 16 00 C1 01 41 04
C2 06 44 C2 00 60 40 40 04 42 32 00 81 6A 00 0A
04 12 20 30 00 06 00 08 40 08 00 40 00 44 0B 15
00 21 20 02 21 04 A1 18 99 38 40 00 54 02 03 80
C8 00 00 30 00 81 C8 20 00 20 B0 10 00 A1 80 08
02 30 C0 45 A0 05 0B 53 90 A8 20 40 12 40 D1 80
1B 0F 28 10 08 80 52 58 02 00 30 00 C7 90 08 25
86 01 09 03 50 20 30 00 10 08 1A 48 00 45 12 03
00 A0 16 22 43 A1 10 40 14 26 21 09 00 C9 02 74
E4 25 52 10 50 48 00 88 29 04 20 40 00 41 00 00
2D 44 80 36 80 00 44 00 20 04 30 71 00 04 90 0A
18 02 40 38 40 48 81 13 82 19 03 98 86 00 C4 A2
82 49 14 49 05 50 04 81 40 20 00 31 82 70 B0 36
6A 80 1D 80 00 C0 22 90 20 08 01 01 01 52 0D 00
01 06 20 83 00 23 C0 B2 50 24 00 12 1E 10 00 28
10 00 00 44 B0 20 16 28 04 12 C0 00 98 26 88 E1
02 08 14 00 2C 00 00 42 50 09 42 08 08 02 00 51
80 83 00 2A D0 BA 42 04 46 81 01 23 90 10 00 04
00 80 13 00 81 C0 10 80 28 2A 40 82 80 2B 66 08
12 04 00 14 01 80 10 24 88 04 04 05 00 E2 00 02
02 0E 41 80 00 C2 00 04 52 00 50 42 80 42 13 48
00 81 14 40 17 10 44 18 84 04 0A 24 03 00 A4 10
00 04 0B 04 01 54 00 00 40 02 01 40 18 84 0A 80
88 A5 29 90 E1 81 08 08 00 20 0C 09 48 28 04 20
08 22 16 64 05 26 00 00 08 20 80 10 04 41 90 00
5D 80 00 00 86 11 54 A0 40 22 80 52 00 52 05 24
1B 00 08 20 40 A3 0D 20 04 20 09 80 08 07 00 86
02 30 88 30 02 00 6A 18 10 18 00 96 02 14 20 D4
10 89 98 02 40 10 09 02 58 00 08 01 48 81 60 20
70 00 00 00 41 00 1C A0 A0 C0 08 D2 00 04 00 06
81 00 85 E4 00 08 0A 38 50 01 45 80 60 C0 81 80
48 01 19 10 03 12 08 90 10 F4 00 40 49 00 07 2E
08 10 08 3A 08 00 00 04 49 04 20 40 21 40 29 04
41 50 08 B8 C3 68 0C 08 0A 01 0B 22 01 22 90 20
25 15 09 10 07 40 20 80 4C 0F 00 08 08 84 00 04
1A 4C 01 50 08 23 08 25 00 24 00 0C 04 C8 04 21
00 F8 2C D4 30 10 E5 61 00 52 18 89 12 48 0C 20
A8 18 B0 18 03 A0 11 01 41 02 40 01 E0 C4 76 34
E2 40 10 0C 01 00 00 06 04 96 39 D4 00 46 1C 00
90 20 C0 92 30 09 B4 88 23 84 04 03 0C 00 95 A8
40 00 60 24 05 1C 05 00 04 01 54 C0 04 88 30 1C
40 40 54 1C 90 02 44 83 C1 02 40 82 43 B2 01 02
79 32 0A 21 80 20 00 40 00 6A 40 02 28 81 00 20
40 02 44 82 30 E2 16 18 84 70 8C D2 46 00 00 41
42 42 A2 40 10 01 6E 29 00 00 85 11 25 44 06 82
88 52 43 02 48 04 28 49 10 19 34 33 92 00 31 01
06 40 16 00 80 A4 09 B9 B4 08 05 84 1A 80 48 40
20 09 10 00 A0 02 73 02 34 24 45 10 60 34 02 04
0A 00 00 00 82 4A 82 22 20 01 90 40 00 60 0A 60
18 20 49 49 0C 09 00 25 45 02 9E 10 48 21 40 C8
01 18 09 80 08 41 0B 00 33 04 74 C0 01 81 00 80
C1 00 0A 0B D4 4D 3E 03 40 40 13 49 00 92 00 08
28 90 08 C1 41 A3 00 40 10 20 18 04 00 0C B8 32
00 23 36 09 31 39 1A 08 00 19 20 89 12 05 D7 05
58 A0 00 82 C0 08 08 89 A0 0B 30 80 28 00 C9 02
00 06 81 2A 81 10 C6 00 C0 80 0C 00 00 12 80 C0
40 80 45 80 03 E0 04 80 10 0C 18 20 02 45 01 00
C3 12 90 00 98 00 9C 14 18 00 58 B8 C0 80 41 62
40 40 20 40 12 00 24 20 42 00 40 E4 16 10 12 54
8C 40 06 00 02 04 08 00 80 A0 04 69 10 40 3C 40
00 00 F2 32 83 40 03 52 22 50 50 50 68 15 48 84
F0 28 4A 60 50 00 A1 02 D1 0C 19 40 10 00 45 00
10 24 0C 71 24 53 40 02 4A 1A 29 42 21 81 06 50
21 00 84 80 15 C0 00 40 88 06 0C 40 00 15 80 41
10 11 08 80 02 41 47 C6 48 28 12 AC 48 02 86 02
10 0C 04 54 80 00 00 63 08 0A 07 00 13 11 05 11
20 00 C2 03 03 0A 01 C3 C0 E0 84 10 20 A3 40 02
88 10 A8 A0 00 21 08 01 80 48 85 A0 03 02 12 02
80 05 26 40 2D 00 8A 81 50 E4 16 90 21 00 48 0C
10 09 82 10 28 6F 00 94 02 40 22 60 22 28 00 00
32 44 00 45 38 49 01 00 20 00 01 02 08 24 EB 11
3B 31 22 00 90 20 81 02 80 92 8C 18 20 78 11 84
04 46 02 40 05 80 00 20 42 88 40 B4 20 A0 25 40
B0 00 84 02 40 00 00 C0 94 98 25 11 40 00 E0 8C
00 52 10 50 1C 10 90 0A 98 42 0C 20 12 00 82 00
00 41 40 10 18 48 B8 C1 31 20 A0 14 B8 82 00 C1
85 C4 2D 00 10 08 56 50 50 40 70 00 00 24 22 88
6B 84 81 15 15 1B 85 08 48 64 37 38 1A 38 49 50
05 14 00 82 20 00 16 58 93 0E 1C 08 60 80 10 09
1C 06 44 12 00 92 00 82 80 41 41 18 57 00 00 80
C0 08 21 02 00 82 00 14 50 07 4C 10 86 04 09 0E
10 00 00 C2 8A 43 0A 21 00 81 42 38 00 A9 82 43
E0 00 02 41 C8 02 0A 10 40 01 80 A6 84 43 29 11
20 48 04 08 A4 84 91 60 00 10 40 16 21 4A A2 08
40 00 84 04 10 50 04 A4 10 8C 11 20 09 0C 80 80
18 80 00 00 4A 88 08 42 8C 02 00 D0 00 69 00 3C