20 30 8A 90 02 31 04 30 40 82 02 A2 00 B2 22 50
08 0E 04 00 00 02 02 48 10 27 20 05 20 00 49 00
40 08 20 1A 08 D0 81 08 80 8D 04 00 04 A1 01 44
23 40 02 00 10 01 28 04 20 40 08 00 00 22 02 10
44 80 00 40 14 40 24 00 43 83 80 20 00 04 00 02
82 11 80 40 00 60 80 22 88 00 00 04 04 0E 00 80
51 10 40 00 01 04 48 1C 80 A0 29 24 18 40 00 00
C2 08 20 11 08 20 40 08 00 48 00 00 20 40 05 20
85 20 24 01 22 16 13 41 13 25 00 04 14 31 24 22
00 00 00 00 00 01 60 00 20 08 00 00 02 50 02 00
0A 2C 18 08 84 08 04 80 23 00 05 02 00 00 40 02
2C 42 02 01 22 10 20 14 28 00 00 00 12 00 0A 20
00 10 08 C0 69 00 20 00 12 33 01 40 14 10 80 66
01 09 28 00 80 00 04 10 20 89 20 02 92 22 D5 41
06 14 02 0A 00 04 60 00 02 08 68 A0 08 84 C0 40
04 01 00 00 60 00 08 02 28 52 40 30 48 05 00 01
08 E5 00 40 04 10 36 08 C4 00 84 24 00 90 00 00
62 80 04 88 02 80 10 02 08 02 48 48 00 00 42 D2
00 00 00 81 20 00 01 04 C0 81 11 00 72 40 21 08
08 01 22 00 20 08 01 1C 14 C0 08 10 00 04 40 40
C0 44 06 10 20 0C 01 50 01 80 00 00 01 39 24 28
84 25 40 08 40 90 4D 06 01 05 00 02 00 00 B1 A0
E0 09 00 0C 10 24 00 C4 05 20 00 44 81 01 40 00
80 0A 00 28 01 81 C0 30 20 00 04 02 01 02 08 80
00 24 04 A0 20 20 44 02 23 08 00 00 00 40 20 40
12 04 08 00 19 50 00 55 01 00 02 03 11 08 00 04
00 0C 00 10 00 00 80 82 20 0B 24 00 70 80 14 00
80 C0 10 A0 00 24 10 50 21 06 00 02 00 04 04 80
00 10 09 08 2C 0B 29 02 01 00 A1 20 40 0A 00 01
02 10 05 A4 80 B1 02 00 04 10 0A 48 22 10 00 40
00 00 00 08 0C 08 84 80 0E 82 30 00 00 00 20 06
10 88 00 21 2C 01 00 0C 12 20 00 00 20 00 20 21
00 00 40 00 20 82 20 00 03 80 44 00 02 00 00 10
90 01 A0 01 00 24 90 98 04 A0 00 80 18 90 08 00
40 85 00 01 40 51 80 10 00 C0 00 80 40 00 00 00
88 28 22 88 25 88 00 40 02 81 20 00 30 10 20 22
20 20 00 10 04 0A 8B 00 0C 96 38 A0 40 04 50 17
20 03 28 02 A0 00 04 00 72 00 00 0C 00 10 02 80
08 03 84 00 00 04 14 41 9C 21 18 11 21 24 41 00
00 06 40 00 00 20 01 10 02 88 01 05 C4 00 00 01
00 00 89 B0 E0 82 00 00 03 12 0A 14 02 03 10 00
80 51 0D 00 14 00 20 00 18 48 12 00 81 01 01 04
42 04 44 82 00 60 00 40 04 42 32 00 81 4A 00 0A
00 12 00 20 00 06 00 08 40 08 00 00 10 44 00 04
00 01 20 02 01 04 81 18 09 10 40 08 04 02 01 00
C8 00 00 10 00 01 C8 20 00 20 B0 10 00 20 80 09
02 00 C0 01 A0 03 00 11 10 B0 00 40 12 40 10 00
0B 05 28 10 08 00 50 48 00 00 30 00 C6 90 08 25
04 01 01 02 50 00 00 00 00 08 1A 48 00 45 10 23
00 80 16 02 02 A9 10 40 04 26 20 08 40 C1 00 74
E4 20 52 00 50 40 00 80 29 04 00 40 00 40 00 00
0D 44 00 26 00 00 00 00 20 00 20 71 00 04 10 0A
08 00 00 38 00 40 00 13 82 09 01 80 06 00 84 22
82 49 04 49 05 40 00 01 40 00 00 31 02 70 A0 16
68 80 18 80 00 40 20 10 00 08 00 01 01 52 04 00
01 02 00 83 00 03 40 92 50 20 00 12 1A 10 00 20
10 00 04 04 30 20 16 20 04 12 40 00 10 22 88 60
02 00 04 00 24 00 00 40 54 09 02 08 08 02 00 51
00 00 00 2A 10 3A 40 00 06 01 01 23 90 10 00 04
00 80 42 00 81 C0 00 80 28 20 00 00 80 0B 20 08
10 00 00 14 00 80 02 22 80 04 00 05 00 C0 00 00
02 0C 43 80 00 C2 00 04 00 00 00 42 00 42 03 48
00 80 10 40 16 00 40 18 8C 04 0A 04 02 00 A4 00
00 04 0B 00 01 14 00 00 40 02 01 40 18 84 08 80
88 A0 29 90 A1 81 00 08 00 20 0C 09 00 28 04 20
08 20 16 64 05 06 00 00 08 20 80 10 04 41 90 00
19 00 00 00 86 11 54 A0 00 22 80 52 00 12 01 04
10 00 08 00 00 A3 0D 20 04 00 09 80 08 03 00 85
00 30 08 30 02 00 4A 18 00 08 00 16 02 14 20 D0
10 89 08 00 00 00 09 02 58 10 08 00 48 81 20 20
70 00 00 00 40 00 14 00 01 40 00 92 00 05 00 06
80 00 81 54 00 00 08 38 50 01 41 80 40 C0 81 80
08 00 18 14 01 12 08 10 10 F4 00 40 49 00 03 0C
08 10 08 1A 00 00 00 04 49 04 00 40 21 00 A9 00
41 10 00 B8 81 68 0C 08 0A 01 09 21 01 22 00 20
2D 15 09 18 03 40 00 00 4C 0E 00 08 08 80 00 04
0A 4C 01 50 08 03 08 24 00 A0 00 4C 00 C0 04 21
00 E8 2C D4 20 10 65 60 00 42 18 89 12 00 08 00
08 08 80 00 03 20 11 01 41 00 40 00 E0 C4 64 34
E2 40 50 04 01 00 00 04 00 96 19 94 00 06 1C 00
90 20 C0 92 20 08 B4 C8 03 80 04 02 0C 21 04 08
40 00 60 20 01 14 01 01 04 00 04 C0 04 88 20 0C
40 40 54 08 90 02 40 03 40 00 40 82 03 B2 01 00
70 32 02 01 80 00 00 40 01 62 00 02 20 01 00 20
40 02 40 82 20 A2 16 19 00 70 8C 50 42 00 20 40
42 40 A2 00 00 01 4C 21 00 00 09 01 05 44 06 82
08 02 41 02 40 00 20 49 10 19 30 13 12 00 31 01
02 40 16 00 A0 A4 09 A8 B4 08 01 80 1A 80 48 40
20 01 00 00 A0 02 73 02 34 24 45 00 60 34 02 04
0A 00 00 00 82 42 82 02 00 01 90 00 04 60 4A 20
28 20 48 49 0C 09 00 01 04 02 9E 10 48 21 40 C9
00 98 09 80 08 41 29 00 33 00 54 40 09 81 00 80
81 00 02 0F D4 0D 3E 43 40 40 03 08 00 90 00 08
22 90 00 81 01 23 00 40 10 20 18 01 00 0C 00 32
00 02 36 09 31 19 1A 08 00 08 11 8C 12 00 83 05
18 A0 00 A2 40 00 08 88 00 0B 20 80 28 00 C9 02
02 06 80 28 81 10 C2 00 C0 80 0C 00 00 10 80 C0
40 00 41 80 03 40 04 80 10 04 18 20 02 45 01 00
C1 12 80 00 98 00 94 10 00 00 18 A8 80 80 01 02
40 40 00 40 06 00 24 00 42 00 40 A4 06 00 02 54
0C 40 02 00 00 04 08 00 80 C0 00 40 10 00 1C 40
40 00 B0 32 81 40 00 40 20 00 10 40 68 15 40 84
F0 21 48 60 50 00 A1 02 D1 0C 10 40 10 00 45 00
10 24 04 71 20 03 40 00 4A 10 20 40 20 01 02 10
21 00 80 00 01 C0 00 00 88 00 08 40 00 11 80 00
10 11 00 08 00 41 67 82 48 20 12 28 40 02 82 00
10 08 04 04 80 00 00 63 08 02 06 00 02 11 84 11
20 00 42 03 02 0A 01 C3 C0 A0 84 10 20 22 40 02
88 10 A0 00 04 21 00 00 80 48 85 A0 03 22 02 02
00 14 06 40 25 00 00 81 40 E4 04 98 20 00 48 0C
10 09 82 11 28 2D 00 84 02 00 22 00 20 38 00 00
32 04 00 41 38 48 21 00 20 00 01 02 08 20 A0 11
23 30 22 00 90 20 01 02 88 90 8C 00 20 60 14 80
04 02 02 40 0C 80 00 20 40 80 00 20 00 A0 20 40
A0 00 84 02 00 00 40 00 90 98 24 11 00 00 60 80
00 50 10 50 9C 10 90 0A 18 40 08 20 02 00 82 00
00 01 40 00 08 00 98 00 21 20 08 14 B8 02 00 C1
85 44 2D 00 10 08 54 00 50 00 70 00 00 20 22 8C
69 84 01 05 15 19 85 08 00 20 26 10 1A 38 00 51
04 14 00 82 00 00 96 40 13 0E 14 00 60 80 10 09
14 02 04 00 00 10 00 80 80 40 40 10 43 00 00 80
80 08 21 02 40 00 00 14 40 03 0C 00 82 04 09 0E
00 00 80 C0 88 02 02 20 00 81 00 30 00 08 82 40
80 00 02 43 CA 02 0A 10 00 01 90 26 84 41 21 11
20 48 06 00 A4 84 91 40 00 10 00 16 21 42 22 00
00 02 04 24 00 50 84 A0 00 88 11 20 09 0C 00 00
00 80 00 00 02 88 08 02 0C 02 00 D0 00 69 00 3C