00 30 8A 90 02 31 0C 30 00 82 22 A2 02 90 02 50
08 0E 04 00 00 02 02 48 00 27 20 45 20 00 49 00
40 08 20 0A 18 D0 01 08 80 8D 04 00 04 A1 01 45
23 40 02 40 10 00 28 04 20 40 08 01 00 22 02 10
44 02 00 48 14 40 24 00 43 83 80 20 00 04 80 00
82 10 84 40 00 60 80 22 08 00 00 8C 04 0E 00 80
51 10 40 00 01 04 49 1C 80 A0 29 24 18 60 00 02
C2 88 20 13 08 20 40 08 00 48 00 00 20 40 05 20
85 22 24 01 22 96 0B 41 13 24 00 04 10 31 24 22
00 20 00 00 00 01 60 08 20 08 00 00 82 50 04 00
0A 0C 18 08 84 08 04 80 23 00 05 02 01 00 41 02
24 42 00 01 20 10 20 14 28 00 00 00 12 00 0A 20
00 10 08 C0 29 00 20 00 52 33 51 40 54 10 80 66
01 09 28 00 80 00 04 10 E2 89 20 02 92 22 F1 41
06 94 00 08 00 04 60 00 02 48 68 A0 08 84 C0 40
04 01 00 00 20 00 08 02 28 52 40 10 48 85 00 01
08 E5 00 40 04 10 36 08 40 00 84 24 00 91 00 00
62 80 04 88 00 80 10 02 08 02 48 48 00 00 42 D2
00 00 00 81 20 00 00 04 D0 81 11 00 72 40 21 00
08 01 20 00 20 00 09 0C 14 C0 08 10 00 04 40 40
40 46 06 10 20 0C 01 50 01 80 00 00 01 39 24 28
C4 24 41 08 40 80 0F 06 01 05 00 02 00 00 B1 20
E0 09 00 0C 00 24 00 C4 05 A0 00 40 81 09 44 00
84 0A 00 28 00 81 C0 70 00 00 04 02 00 02 28 80
80 04 04 A0 20 20 44 02 20 00 00 00 00 40 20 40
12 04 08 00 19 50 00 51 01 00 02 03 01 08 00 04
02 0C 00 10 00 00 80 82 20 08 24 00 74 80 54 00
80 C0 10 80 10 24 10 50 21 22 00 00 00 04 00 80
00 10 0B 08 0C 0F 29 02 01 00 A4 20 C0 0A 00 01
02 00 05 24 80 31 02 00 04 10 0A 40 22 00 00 40
00 00 00 08 0C 08 84 80 0C 02 38 00 00 00 20 02
02 88 00 21 24 01 04 0C 12 00 80 04 20 00 20 21
00 00 40 00 20 82 20 00 03 80 64 00 02 00 00 10
90 01 A0 01 00 64 90 98 04 A0 00 80 18 90 08 00
40 84 00 01 40 51 80 10 08 C0 00 80 40 00 00 00
88 08 22 80 25 88 00 40 02 81 20 00 30 10 20 22
20 20 08 00 04 0A 8B 00 0C 9E 18 80 40 04 50 14
20 01 28 02 A0 00 04 00 72 00 02 0C 00 10 02 80
08 03 8C 00 00 04 14 41 9C 21 18 11 21 24 00 00
00 06 40 20 10 20 01 10 02 88 01 25 C4 00 00 05
01 00 89 B0 C0 82 00 02 03 12 0A 14 0A 0B 10 00
80 50 05 10 14 00 20 00 18 48 12 00 81 01 01 04
82 04 44 C2 00 60 40 40 04 02 20 01 81 CA 00 0A
00 12 20 30 00 02 00 08 40 08 00 00 10 40 01 04
00 00 20 02 01 04 81 18 18 10 40 00 14 02 01 80
C8 00 00 10 00 01 C8 20 00 20 B8 10 00 21 80 09
02 00 C0 01 A0 01 00 11 10 B0 00 40 12 40 10 80
0B 05 28 10 08 00 50 48 00 00 30 00 C6 90 08 25
04 21 09 03 40 00 00 00 10 00 1A 48 00 45 10 23
00 80 16 20 02 A9 10 40 04 26 20 08 00 C1 00 34
E4 20 12 10 50 48 00 80 29 04 00 40 00 40 00 00
2D 44 00 36 00 00 00 00 20 00 20 31 00 04 10 0A
08 00 40 38 00 40 00 13 80 09 01 80 02 00 84 22
82 49 04 49 05 40 00 05 40 00 00 31 02 70 A0 16
68 80 18 00 00 40 20 10 00 08 00 01 00 5A 04 00
01 02 00 83 00 03 C0 82 50 20 00 1A 1E 00 00 28
10 00 00 04 30 20 16 00 14 02 40 00 10 26 88 60
02 00 14 00 24 00 04 40 50 09 10 08 08 02 00 51
00 11 00 2A 10 B0 40 00 06 01 01 23 90 10 00 00
00 80 42 00 81 C0 00 80 28 28 00 80 80 0A 22 08
10 04 00 14 00 80 00 24 80 04 00 05 00 C0 00 00
02 0C 43 80 00 C2 00 04 40 00 00 42 C0 42 03 48
00 81 10 40 16 00 44 18 84 04 02 04 02 00 A4 00
00 04 0B 00 01 14 00 00 40 02 01 40 18 84 08 80
88 E4 29 90 A1 80 00 08 04 00 0C 09 08 28 04 20
08 20 16 64 05 26 00 04 08 20 80 10 04 41 90 00
18 00 00 00 86 11 54 80 00 20 80 52 00 12 01 24
10 00 08 00 00 A3 0D 20 04 00 09 00 08 03 00 04
02 30 08 30 02 00 48 18 00 08 00 96 02 14 20 50
10 69 08 00 00 00 08 02 48 10 00 00 48 81 60 20
70 00 00 00 40 00 14 00 10 40 00 92 00 05 00 06
00 00 81 64 00 00 08 38 50 00 41 80 40 C0 81 80
00 00 10 10 01 12 08 10 10 74 00 40 49 00 03 24
08 11 08 18 00 00 00 44 49 04 20 40 21 00 88 00
41 10 00 B8 83 48 0C 08 0A 01 0B 00 01 22 00 20
25 15 09 1A 03 40 80 00 4C 0C 00 08 08 84 00 04
0A 4E 01 50 08 03 08 A4 00 20 00 0C 00 80 04 21
04 78 2C D4 20 10 65 61 00 52 18 09 12 00 08 00
08 08 80 10 03 00 11 01 41 00 40 00 E0 C4 74 34
62 40 10 0C 01 00 00 04 00 96 18 84 00 02 1C 00
90 20 C0 92 20 08 B4 48 02 80 04 02 0C 21 00 08
40 00 20 20 01 14 05 00 04 00 04 C0 04 80 20 0C
40 40 54 0C 90 02 44 03 40 00 40 82 03 B2 01 00
70 32 02 01 80 00 00 40 00 42 40 02 20 01 00 20
40 02 40 82 20 82 16 19 00 70 0C 50 46 00 20 40
42 42 A2 00 10 01 4E 21 04 00 01 01 05 04 07 82
08 10 01 02 40 04 20 49 10 19 30 13 12 00 31 01
06 40 96 00 80 A4 09 A8 B4 08 01 80 1A 80 08 00
20 01 00 00 A0 02 73 02 34 24 45 00 60 34 00 04
0A 00 00 00 82 4A 82 02 80 01 90 00 04 20 4A 60
18 20 49 09 0C 09 00 01 04 02 9E 10 48 21 40 C9
01 90 09 80 08 01 28 00 32 04 51 40 09 81 00 80
81 00 02 0F D4 0D 38 01 40 40 03 09 00 90 00 08
20 80 00 81 01 32 00 40 00 20 18 00 00 0C 28 32
00 00 36 09 31 19 1A 08 00 08 10 09 12 00 83 05
48 A0 00 A2 40 00 08 88 00 0B 20 80 28 00 C9 02
00 06 80 28 80 10 C6 00 C0 80 0C 00 00 90 80 C0
40 00 41 80 03 60 04 80 00 0C 10 20 02 45 01 00
C1 12 80 00 98 00 9C 10 00 00 08 A8 80 80 41 42
40 40 00 40 06 00 24 00 42 00 40 E4 06 00 02 54
04 60 02 00 00 04 08 00 80 C0 00 60 10 40 1C 40
40 00 B0 32 81 40 03 40 20 40 10 40 28 15 40 84
F4 21 48 60 50 00 A1 02 D1 0C 18 40 10 00 45 00
10 24 08 60 20 02 40 00 4A 10 20 42 20 01 02 10
21 00 80 00 01 C0 00 00 88 04 08 40 02 15 80 00
10 11 00 08 00 41 46 82 48 20 12 28 40 02 82 00
11 04 04 04 80 00 00 63 08 0A 06 00 12 11 84 11
20 00 42 03 02 0A 00 C1 C0 A0 84 10 20 22 40 02
80 10 A0 00 04 21 00 00 80 48 85 80 03 22 02 02
00 04 06 40 25 00 00 81 40 E4 06 98 20 00 48 0C
10 09 82 11 28 2D 00 84 02 00 22 20 20 28 00 00
32 04 00 41 38 48 01 00 20 00 01 02 08 20 A0 11
33 30 22 00 90 20 01 02 80 90 8C 00 20 68 00 80
04 02 02 40 0C 80 00 20 40 80 00 B4 00 A0 21 40
A0 00 84 02 00 02 40 40 90 98 21 11 40 00 60 88
00 50 00 50 1C 10 90 0A 18 00 0C 20 02 00 02 00
00 00 40 10 18 40 98 00 20 20 80 14 B8 02 00 C1
84 44 2D 00 10 08 54 00 50 00 70 00 02 20 20 88
61 84 81 05 15 1B 85 08 08 20 26 10 1A 38 08 41
04 14 00 80 00 00 16 40 13 0E 14 08 40 80 10 08
14 02 40 00 00 10 00 80 80 40 00 18 43 00 00 80
80 08 21 02 00 00 00 14 50 03 0C 10 82 14 09 2E
00 00 80 C0 80 02 0A 20 00 81 00 30 00 08 82 40
80 00 02 41 CA 02 0A 10 40 01 80 86 84 43 21 11
20 48 04 00 A4 84 91 40 00 10 00 16 21 42 22 00
00 00 04 24 00 54 84 A0 10 88 11 00 09 0C 00 00
00 80 00 00 02 C0 08 00 04 02 00 C0 00 69 00 3C