20 30 AA 90 03 31 0C 30 00 82 22 A2 02 B0 02 50
08 0C 04 00 00 02 02 48 00 27 20 05 20 00 41 00
40 08 20 1A 08 D0 81 08 80 8D 04 00 04 A1 01 45
23 00 02 00 10 00 28 04 20 40 08 01 00 22 02 10
44 08 00 40 10 40 24 00 43 83 80 20 00 00 80 02
82 11 84 40 00 60 80 62 88 00 00 0C 04 0E 00 80
51 10 40 00 41 04 40 1E 80 A0 29 24 18 40 00 00
C0 88 20 11 0C 20 40 08 00 48 00 00 20 40 05 20
85 22 24 01 22 16 13 41 13 24 00 04 10 31 24 22
00 00 00 00 00 01 60 00 20 08 02 00 82 50 02 00
0A 0C 18 00 84 08 04 80 23 00 05 02 01 00 40 00
3C 42 12 01 20 10 20 04 28 00 00 00 12 00 0A 24
00 10 08 C0 29 00 00 00 12 33 05 40 54 10 80 64
01 01 28 00 80 00 04 10 62 89 00 02 92 22 95 C1
06 10 00 0A 00 04 64 00 02 08 68 A0 08 84 C0 40
04 01 00 00 20 00 08 02 28 42 40 10 48 01 00 01
00 C5 00 40 04 10 32 08 44 00 86 24 00 91 00 00
60 80 04 A8 02 00 10 06 08 02 48 48 00 00 42 D2
00 00 00 81 20 00 01 04 D0 81 11 00 72 41 21 08
08 01 20 00 20 00 01 0C 14 C0 08 10 00 04 40 40
40 44 06 10 20 0C 01 50 05 80 00 00 01 39 20 28
84 24 41 08 40 80 0C 26 01 05 00 02 04 00 B1 20
E0 09 00 0C 00 24 00 C4 05 A0 00 44 81 01 44 00
80 0A 00 28 80 81 C0 70 00 00 04 02 01 02 08 80
00 24 04 A0 20 20 44 02 22 00 00 00 04 40 20 40
12 04 08 00 19 50 00 55 01 00 02 82 01 08 00 04
02 0C 00 10 00 10 80 82 20 0A 24 00 54 80 54 00
80 C0 10 A0 00 24 10 50 21 02 00 00 00 04 04 80
00 10 08 08 0C 0B 29 02 01 00 A5 20 40 0A 00 01
02 00 05 A4 80 31 02 00 04 10 0A 48 22 00 00 40
00 00 00 08 0C 08 84 80 0C 02 10 40 00 00 20 06
10 88 00 21 20 01 00 0C 12 20 00 10 20 00 20 21
00 00 40 00 20 82 20 00 03 80 40 00 02 00 00 12
90 01 A0 01 80 64 80 98 04 A0 00 80 18 90 08 21
40 85 00 01 40 51 80 10 00 40 00 80 40 00 00 00
88 28 22 88 25 88 00 40 02 81 20 00 30 10 20 22
20 20 00 00 04 0A 8A 00 0C 96 38 A0 40 04 50 17
20 03 28 02 A0 00 04 00 72 00 02 0C 00 10 02 80
0C 03 84 00 00 04 14 41 9C 21 18 11 20 24 40 00
00 06 40 00 10 20 00 10 02 88 01 24 C0 00 00 05
02 00 89 B0 E1 82 01 02 03 02 0A 14 0A 0B 10 00
80 50 05 00 14 00 20 04 18 48 12 00 81 01 01 04
02 06 44 82 00 60 00 40 04 42 32 00 81 EA 00 02
00 12 00 20 00 06 00 08 40 08 00 00 10 44 01 04
00 00 20 02 01 08 81 08 19 10 42 00 14 02 01 80
C8 01 00 10 00 01 C8 20 00 20 B0 10 00 20 80 08
02 00 40 01 A0 01 09 53 90 A0 00 40 12 40 10 00
0B 05 28 10 08 00 10 48 00 00 30 00 C6 90 08 25
04 01 09 03 40 00 00 00 10 08 1A 48 00 45 10 22
00 80 16 00 02 A9 10 40 04 26 20 08 00 C9 00 74
E4 20 52 10 50 48 00 88 29 04 20 40 00 40 00 00
0D 44 00 26 00 00 00 00 00 00 20 31 00 04 90 0A
08 00 00 30 00 40 00 13 82 19 01 80 06 00 04 22
82 49 04 49 05 50 00 01 40 00 00 31 02 70 A0 16
68 00 19 00 00 00 20 10 00 08 00 01 00 42 24 00
01 02 00 83 00 03 40 82 50 20 00 12 1A 00 00 28
10 00 00 44 30 20 16 20 14 02 40 00 10 26 08 60
02 00 14 00 24 00 04 00 54 09 02 08 08 02 00 51
00 01 00 2A 10 38 40 00 06 01 00 23 90 10 00 04
00 80 02 00 81 D0 00 80 28 28 40 80 80 0B 60 08
10 00 00 14 00 80 00 20 80 04 00 05 00 C0 00 00
02 08 43 80 00 C2 00 04 40 00 00 42 C0 42 03 48
00 81 10 40 16 00 44 18 8C 04 0A 04 03 00 24 00
00 04 0B 00 01 10 80 00 40 02 01 40 18 00 08 80
88 A4 29 90 21 80 00 08 00 20 04 09 00 28 04 20
00 20 16 64 05 26 00 04 08 20 80 10 00 01 90 00
18 00 00 00 86 11 54 A0 00 22 80 52 00 12 01 04
11 00 08 20 40 A3 0D 20 04 00 09 80 08 03 00 05
02 20 08 30 02 00 6A 18 00 08 00 16 02 14 20 50
10 01 88 00 00 00 09 02 48 10 08 00 48 81 60 20
70 00 00 00 40 00 14 00 01 40 00 90 00 05 00 06
80 00 81 64 00 00 08 38 50 00 41 80 41 C0 81 80
08 00 11 14 01 12 08 10 10 F4 00 40 49 00 03 04
08 10 08 0A 00 00 00 04 49 00 20 40 21 00 A9 00
41 50 00 98 81 48 0C 08 0A 01 0B 01 01 22 00 20
2D 05 09 18 02 40 80 00 44 0C 00 08 08 80 00 04
0A 4E 01 50 08 03 08 A4 00 20 00 0C 00 80 04 21
10 78 2C 54 20 10 65 60 00 52 18 0D 10 00 08 00
08 08 88 00 03 00 11 01 41 02 40 00 E0 C4 74 34
62 40 50 04 01 00 00 04 40 96 18 C4 00 06 1C 00
90 20 80 90 20 08 A4 88 02 80 04 02 0C 21 04 08
40 00 60 00 01 14 05 00 04 00 04 C0 04 80 20 0C
40 40 54 08 90 02 44 03 40 00 40 82 03 B2 01 00
70 32 02 01 80 01 00 00 00 62 00 00 20 81 00 20
40 02 40 82 20 82 16 19 00 70 0C 50 46 00 00 40
42 40 A2 00 00 01 4E 21 00 00 01 01 04 04 06 82
08 10 01 02 40 04 20 49 10 19 30 33 12 00 31 01
06 40 16 00 A0 A4 09 28 B4 08 81 84 1A 80 48 00
20 01 00 00 A0 02 63 02 34 24 65 00 20 34 02 04
0A 40 00 00 82 42 82 02 00 01 90 00 04 20 48 60
18 20 49 49 0C 09 00 01 04 02 9E 10 48 21 40 C9
00 98 09 80 08 01 28 00 33 00 74 40 09 81 00 80
C1 00 02 0F D4 0D 3E 01 40 00 03 08 00 90 00 08
00 90 00 81 01 22 00 40 10 20 18 01 00 0C 08 32
00 02 26 09 31 19 1A 08 00 08 10 C8 12 00 83 05
08 A0 00 A2 40 00 08 89 20 0B 30 80 28 00 C9 02
02 06 80 28 80 50 C2 00 C0 80 04 00 00 10 80 C0
00 00 45 80 03 20 04 80 00 04 10 20 02 45 01 00
C1 12 80 00 98 00 9C 10 00 00 10 A8 C0 80 41 22
40 40 00 40 06 00 24 00 42 00 00 E4 06 10 02 14
04 40 02 00 00 04 08 00 80 80 00 60 10 40 1C 40
48 00 B0 32 81 40 00 40 20 00 10 40 28 15 40 84
F0 21 48 60 50 00 81 02 10 84 18 40 10 00 45 00
10 24 08 61 20 43 40 02 4A 12 20 42 20 01 02 10
21 00 80 00 01 C0 00 00 88 00 0C 40 02 15 80 00
10 11 00 00 00 41 67 C6 48 20 12 28 40 02 86 00
11 00 04 04 80 00 00 63 08 0A 06 00 12 11 84 01
20 00 42 03 02 0A 00 C3 C0 A0 84 00 20 A2 40 02
80 10 A0 00 00 01 00 00 80 48 85 A0 03 02 02 02
00 14 06 40 25 00 00 C1 40 E4 06 90 20 00 48 0C
10 09 82 11 20 2D 00 84 02 00 22 40 20 28 00 00
32 00 00 45 38 48 21 00 20 00 01 02 08 20 A1 11
23 30 22 00 90 20 01 02 88 90 8C 10 20 68 00 80
04 02 02 40 0C 80 00 20 40 80 00 24 00 A0 21 40
A0 00 84 02 00 00 40 40 90 98 24 11 00 00 E0 88
00 50 10 50 1C 10 90 0A 18 00 08 20 02 00 82 00
00 40 40 00 18 00 98 01 20 20 00 14 B8 02 00 C1
85 44 2D 00 10 08 56 00 50 00 70 00 02 20 22 88
61 84 01 05 14 1B 95 08 00 20 26 10 1A 38 40 41
04 14 00 82 00 00 16 40 13 0E 14 00 40 80 10 08
14 06 04 00 00 00 00 80 00 40 40 18 53 00 00 80
80 08 21 02 00 00 00 14 40 03 0C 10 82 14 09 0E
00 00 80 C0 88 02 0A 20 00 81 00 30 00 88 82 41
A0 00 02 41 CA 02 0A 10 00 01 80 A6 84 41 21 11
20 48 06 00 A4 84 91 40 00 10 00 16 21 42 22 00
00 02 04 24 00 54 84 A0 00 88 10 00 09 0C 00 00
40 80 80 00 02 C8 08 40 04 02 00 C0 00 69 00 3C