20 30 88 90 03 31 04 30 40 82 22 A0 02 90 22 50
08 0E 04 00 20 02 02 48 00 27 20 05 20 00 41 00
00 08 20 1A 08 D2 01 08 80 8D 04 00 04 A1 01 45
23 40 02 00 10 00 28 04 20 40 08 00 00 22 02 10
44 82 00 40 14 40 24 00 43 83 80 20 00 04 80 02
82 10 84 40 00 60 80 22 88 00 00 84 04 0E 00 80
71 10 40 00 01 04 49 1E 80 80 29 24 18 40 00 02
C2 08 20 11 08 20 40 08 00 48 00 00 20 40 05 20
8D 22 24 01 22 16 13 41 13 24 00 04 10 31 24 22
00 20 40 00 00 01 60 18 20 08 00 00 83 50 04 00
0A 24 19 08 84 08 04 80 23 00 05 02 00 00 40 00
0C 02 22 01 20 10 20 04 28 04 00 00 10 00 0A 24
00 10 08 C0 29 00 20 00 12 33 41 60 44 10 80 66
01 09 28 00 80 08 00 10 22 89 20 02 92 20 B5 41
06 14 02 0A 00 00 64 00 02 08 68 A0 08 84 C0 40
04 11 00 00 20 00 28 02 28 52 40 10 48 0D 00 01
00 C5 00 48 04 10 32 00 C4 00 84 24 00 91 00 00
60 80 04 88 02 80 10 02 08 02 48 48 00 00 42 D2
00 00 00 81 20 00 01 04 C0 81 11 00 72 41 21 08
08 41 00 00 20 08 01 0C 14 C0 08 10 00 04 40 40
40 44 06 10 20 0C 01 50 01 80 00 00 00 38 24 38
84 24 41 08 40 90 0E 06 00 01 00 02 00 00 B1 A0
E0 09 00 0C 00 24 00 C0 05 A0 01 40 01 09 44 00
80 0A 00 28 00 81 C0 70 00 00 04 02 01 02 08 80
80 04 04 A0 20 20 44 02 23 00 00 00 00 40 20 40
12 04 08 00 18 50 00 55 01 00 22 02 11 08 00 04
02 0C 01 10 00 00 80 82 20 0A 24 00 74 80 54 00
80 C0 10 A0 00 24 10 50 21 00 02 00 00 04 04 80
00 10 09 08 0C 0A 28 02 01 80 A0 20 40 0A 00 03
02 00 05 A0 80 B1 02 00 04 10 02 40 22 00 00 40
00 00 00 08 0C 00 84 80 0C 82 30 40 00 00 20 06
00 88 00 21 24 01 00 04 12 20 00 00 20 00 20 21
00 00 40 04 20 82 20 00 03 80 44 00 02 00 00 10
90 01 A0 01 00 6C 90 98 04 80 04 88 18 90 08 00
40 84 00 01 40 50 80 10 00 40 00 80 40 00 80 00
88 28 22 80 25 88 00 C0 02 81 20 00 30 10 20 22
20 20 08 00 04 0A 8B 00 0C 96 38 80 40 04 60 17
20 03 28 02 A0 00 04 00 72 00 02 0C 00 10 02 80
08 03 8C 00 00 04 14 41 9C 21 18 11 20 24 40 00
00 06 40 02 00 20 01 10 02 88 01 04 C4 00 00 05
00 00 89 B0 E1 82 01 02 13 12 0A 14 0A 0B 10 00
80 51 05 40 04 00 20 04 18 48 12 00 81 01 01 04
02 04 44 C2 00 60 00 40 04 42 22 01 81 EA 00 02
00 12 00 20 00 06 00 08 40 08 00 00 00 44 01 04
00 01 20 02 00 00 81 18 19 30 48 00 14 02 01 80
48 00 00 10 00 01 C8 20 00 20 B0 10 00 20 80 08
02 20 40 45 A0 01 01 51 10 A0 00 40 12 40 10 80
0B 05 28 10 08 00 50 48 00 00 30 00 C6 90 08 25
04 00 01 03 50 00 00 00 00 08 1A 48 00 45 00 22
00 80 16 20 03 A9 10 40 04 26 20 08 40 C9 00 74
64 21 12 00 50 48 00 80 29 04 00 40 00 40 00 00
0D 44 00 26 00 00 00 00 20 00 20 15 00 04 10 0A
08 00 40 38 00 40 01 13 82 19 01 80 06 00 84 22
82 49 04 49 05 50 00 05 40 01 00 31 02 70 A0 16
68 80 18 80 00 40 20 10 00 08 00 01 01 5A 0C 08
01 02 00 83 00 03 40 82 50 20 00 1A 18 10 00 28
10 00 04 04 30 20 16 20 04 02 40 00 18 26 08 60
02 00 14 00 2C 00 04 40 54 09 02 08 08 02 00 51
80 01 00 2A 10 B0 41 00 06 01 01 23 90 10 00 04
00 80 42 00 81 C0 00 C0 28 20 40 80 80 2B 26 08
10 04 00 14 00 80 00 24 80 04 00 05 00 C0 00 02
02 08 43 80 00 C2 00 04 42 00 00 42 80 42 03 48
00 81 10 40 16 00 44 18 84 04 0A 04 03 00 24 00
00 04 0B 00 01 14 80 00 40 02 01 40 18 84 08 80
88 A4 29 90 A1 85 00 08 00 20 04 09 00 28 04 20
08 20 16 60 05 22 00 00 08 20 80 10 04 41 90 00
19 00 00 00 86 11 54 A0 00 22 80 52 00 12 01 24
12 00 08 20 40 A3 0D 20 04 00 09 80 08 07 00 04
00 30 08 30 02 00 48 18 00 18 00 16 02 14 20 D0
10 01 88 00 00 00 09 00 48 10 00 00 48 81 20 20
70 00 00 00 41 00 1C 00 20 40 00 82 00 05 00 06
80 00 81 34 00 00 08 28 50 00 41 80 40 C0 81 80
08 00 1B 14 01 12 08 10 10 F4 00 40 49 00 03 00
08 00 08 18 00 00 00 44 49 04 20 40 21 00 A9 00
41 10 00 B8 81 48 08 08 0A 01 0B 00 01 22 00 20
25 05 09 10 02 40 80 00 4C 0C 08 08 08 84 00 04
0A 4C 01 50 08 03 08 24 00 A0 00 4C 00 C0 04 21
04 78 2C 14 20 10 65 60 00 42 18 09 12 00 08 00
28 08 80 00 02 20 11 01 41 02 40 00 E0 C4 64 30
E2 40 50 04 01 00 00 04 00 96 18 C4 00 02 1C 00
90 20 80 80 30 08 A4 C8 01 80 04 02 0C 20 00 A8
40 00 60 20 01 14 04 01 04 00 04 C0 04 80 20 0C
60 00 54 4C 90 02 44 03 40 00 40 82 03 B2 01 00
78 32 02 21 82 00 00 40 00 62 00 00 20 81 00 00
40 02 40 82 20 82 16 19 00 70 0C 50 46 00 40 40
42 42 A2 00 00 01 0E 21 00 00 01 01 05 04 06 82
88 10 41 00 40 04 20 49 10 19 30 13 12 00 31 01
02 40 16 00 80 A4 01 28 B4 08 81 84 1A 80 08 00
20 21 00 00 A0 02 73 02 34 24 05 00 60 34 02 04
0A 40 00 00 82 42 82 02 80 01 90 00 00 20 48 20
18 20 49 09 0C 09 00 05 04 02 9E 10 48 21 40 C1
01 88 09 80 08 01 28 00 32 00 54 40 01 81 00 80
C1 00 02 0F D4 0D 3E 4B 40 00 03 08 00 90 00 08
20 90 00 81 01 23 00 40 10 20 18 01 00 0C 20 32
00 02 36 09 31 19 1A 08 00 08 11 88 12 00 83 05
48 A0 00 A2 40 04 08 88 20 0B 30 80 28 00 C9 02
00 06 81 28 00 10 C2 00 C0 80 04 00 00 10 80 C0
40 00 41 80 03 60 04 80 00 0C 18 20 02 45 01 00
C1 12 80 00 98 00 9C 10 00 00 40 A8 C0 80 41 22
40 40 00 40 06 00 24 00 40 00 40 E4 16 10 02 54
8C 40 00 00 00 04 08 00 80 C0 00 60 10 00 1C 40
40 00 B0 32 83 40 00 40 20 00 10 40 68 15 40 84
F0 20 48 60 50 00 81 02 10 0C 18 40 10 00 45 00
10 26 08 61 20 03 40 02 42 12 20 40 20 01 02 10
20 00 80 00 01 C0 00 00 88 04 0C 40 00 11 80 00
10 11 00 00 00 40 47 86 48 20 12 28 40 02 86 00
11 00 04 04 80 00 00 23 08 02 06 00 12 11 84 11
20 00 42 03 02 0A 00 C1 C0 E0 84 10 20 A2 40 02
80 10 80 00 00 01 00 00 80 48 85 A0 03 22 02 02
00 14 06 40 2D 00 00 81 40 E4 06 98 20 00 48 0C
10 09 82 11 28 2F 00 84 02 00 22 00 20 28 00 00
32 04 00 41 38 49 21 00 20 00 01 02 08 20 A0 11
22 30 22 00 80 20 01 02 80 90 8C 00 20 68 10 80
04 02 02 40 0C 80 00 20 40 80 00 A4 00 A0 20 40
20 00 80 02 00 02 42 00 90 98 20 11 00 00 60 88
00 50 00 50 0C 10 90 0A 18 00 08 20 02 00 82 00
00 40 40 00 08 00 98 00 21 20 00 14 B8 02 00 C1
85 44 0D 00 10 09 54 00 50 00 70 00 00 20 22 88
69 84 01 05 14 0B 85 08 00 28 26 18 1A 38 48 51
04 14 00 82 00 00 16 40 13 0E 14 08 20 80 10 09
14 02 00 00 00 00 00 80 80 41 00 18 43 00 00 80
C0 08 21 02 00 00 00 04 50 03 0C 00 82 04 08 0E
10 00 80 80 88 02 0A 20 00 81 00 30 00 09 82 41
90 00 02 41 CA 02 0A 10 00 01 80 A6 84 43 21 11
20 48 06 00 A4 84 91 40 00 10 00 16 21 42 22 00
00 00 04 20 00 54 84 A0 10 88 10 00 09 0C 00 00
00 80 00 00 02 C8 08 02 0C 02 00 C0 00 69 00 3C