20 30 82 90 02 B1 0C 30 50 A2 22 A2 02 B0 02 50
08 0E 04 00 00 02 02 48 00 27 20 05 20 00 41 00
40 08 20 0A 08 D2 01 08 80 89 04 00 04 A1 00 44
23 40 02 00 10 00 28 04 20 40 08 00 00 22 02 10
44 80 00 48 14 40 24 00 43 83 80 20 02 04 80 00
82 30 84 40 00 60 80 62 88 00 00 8C 04 06 00 80
51 10 40 00 01 04 49 1E 80 A0 29 24 18 40 00 00
C2 08 20 13 08 20 40 08 00 48 00 00 20 40 05 20
85 22 24 01 22 16 13 41 13 24 00 04 14 21 24 22
00 20 40 00 00 01 60 00 20 08 00 00 83 50 00 00
0A 4C 19 08 84 09 04 A0 23 00 05 02 01 00 41 02
2C 42 02 01 20 10 20 14 28 00 00 00 12 00 0A 24
00 10 08 C0 A9 00 20 00 12 13 41 60 54 10 80 66
01 09 28 00 80 00 00 10 E2 89 00 0A 92 22 F5 41
04 90 00 0A 00 04 60 00 02 48 68 A0 08 84 C0 00
00 11 00 00 60 00 08 02 28 42 40 10 48 05 00 01
08 C5 00 40 04 10 36 08 C4 00 86 24 00 91 02 00
60 80 04 88 02 00 10 02 08 02 48 48 00 00 42 D2
04 00 04 81 20 00 21 04 50 81 11 00 72 40 21 08
08 01 20 04 20 00 01 4C 14 C0 08 90 00 04 40 40
40 44 06 10 20 0C 01 D0 05 80 00 00 01 39 24 28
84 24 41 08 40 80 0E 06 01 05 00 82 00 00 B1 20
E0 09 00 2C 00 24 00 C0 05 A0 01 4C 01 09 44 00
C0 0A 00 28 80 81 C0 30 00 00 04 02 01 02 08 80
00 24 04 A2 20 20 44 03 23 00 00 00 00 40 20 40
12 04 08 00 19 58 00 51 01 00 02 02 11 08 20 00
02 0C 00 10 00 00 90 82 60 0B 24 00 70 80 54 00
80 C0 10 A0 10 24 10 50 21 26 08 00 00 04 04 80
00 10 0B 08 0C 0B 28 02 01 00 A5 20 40 0A 00 01
02 00 05 A4 80 31 02 00 04 10 0A 40 22 00 00 42
00 00 00 08 04 08 84 80 0C 82 30 00 40 00 20 02
10 88 00 21 20 01 00 0C 12 20 00 00 20 00 20 21
00 00 40 04 20 82 20 00 03 80 44 00 02 00 00 10
90 01 A0 01 80 6C 90 98 04 A0 04 80 18 90 08 21
40 85 00 01 40 50 80 10 00 40 00 80 40 00 80 00
88 28 22 82 25 88 00 40 02 81 20 00 30 10 20 22
20 20 00 10 04 0A 8A 00 0C 96 18 80 48 04 50 15
20 03 28 02 A0 00 04 00 72 00 02 08 00 10 02 80
08 03 84 00 00 04 14 41 9C 21 18 11 20 24 41 00
00 06 40 00 00 20 01 10 02 88 01 25 C4 00 00 01
01 00 89 B0 C1 82 01 00 03 12 0A 14 0A 0B 10 00
80 50 0D 10 14 00 20 00 18 40 12 00 81 01 01 04
02 04 44 C2 00 60 40 40 04 02 22 00 81 6A 00 0A
00 12 20 30 00 06 00 08 40 08 00 00 10 44 01 04
00 01 20 02 00 00 81 08 09 10 48 00 14 02 01 80
C0 00 00 10 00 01 C8 20 00 20 B0 10 00 A1 80 09
02 20 40 41 A0 03 00 51 10 B0 00 40 12 C0 10 80
0B 05 28 10 08 00 12 48 00 00 30 00 46 90 08 25
04 21 01 03 50 00 00 00 00 08 1A 48 00 45 10 22
00 80 16 00 02 29 10 40 04 26 20 09 40 C1 00 74
E4 20 12 10 40 48 00 80 29 04 20 40 00 40 00 00
0D 44 00 36 00 00 00 00 20 00 20 31 00 04 10 0A
08 00 00 38 00 40 01 13 80 19 01 80 06 00 84 A2
82 49 04 49 05 50 00 01 40 00 00 31 02 70 A0 16
68 80 19 80 00 00 20 10 00 08 00 01 00 42 04 00
01 02 00 83 00 03 40 92 50 20 00 12 1E 00 00 20
10 00 04 04 30 20 16 20 04 02 40 00 10 26 08 60
02 00 14 00 2C 00 04 49 54 09 10 08 08 02 00 51
80 01 00 2A 10 3A 42 00 06 81 00 23 90 10 00 04
00 80 42 00 81 C0 00 C0 28 20 00 80 80 2B 60 08
10 00 00 14 00 80 00 20 80 04 00 05 00 C0 00 00
02 0C 43 80 00 C2 00 04 00 00 40 42 80 42 13 48
10 81 10 40 17 00 44 18 8C 04 0A 04 02 00 24 00
00 04 4B 00 01 14 80 00 40 02 01 40 18 84 08 80
88 A4 29 90 A1 81 00 08 00 00 0C 09 08 28 04 20
08 20 16 44 05 06 00 00 08 20 80 10 04 41 90 00
19 00 40 00 86 11 54 A0 40 22 80 52 00 12 01 04
12 00 08 00 00 A3 0D 20 04 00 09 80 08 03 00 84
00 30 08 30 02 00 4A 18 00 18 00 16 02 14 20 50
10 81 98 00 00 00 08 02 48 10 08 00 48 81 60 20
70 00 00 00 41 00 14 00 00 40 00 92 00 05 00 06
00 00 81 64 00 00 08 38 50 01 41 80 41 C0 81 80
08 00 19 14 01 12 08 10 10 B4 00 40 49 00 03 00
08 11 08 18 00 00 00 04 49 04 20 40 21 00 A9 00
41 10 00 B8 81 68 0C 08 0A 01 0B 00 01 22 00 20
2D 15 09 1A 02 40 80 00 4C 0E 00 08 08 84 00 04
0A 4C 01 50 08 23 08 A4 00 20 00 4C 00 C0 04 21
00 68 2C D4 20 10 64 60 00 12 18 09 12 00 08 00
28 08 80 10 03 20 11 01 41 02 40 00 E0 C4 74 34
E2 40 50 00 01 00 00 04 00 96 18 C4 00 06 1C 00
90 20 80 92 30 08 B4 48 03 80 04 02 08 21 04 88
40 00 60 20 01 14 05 00 04 00 04 C0 04 80 20 0C
40 40 54 0C 90 02 44 03 40 00 40 82 03 B2 01 02
F0 32 02 21 80 01 00 00 01 42 40 02 28 81 00 20
40 02 40 82 20 A2 16 19 00 70 8C D0 46 00 20 40
42 40 A2 00 00 01 6E 21 00 00 81 11 05 44 06 82
88 10 01 02 40 00 28 49 10 19 30 13 12 00 31 01
06 40 16 00 80 A4 09 A8 B4 08 01 84 1A 80 08 00
20 01 00 00 A0 02 73 02 34 24 45 00 20 34 02 04
0A 40 00 00 82 42 82 02 80 01 90 00 04 20 48 20
18 20 49 09 0C 09 00 05 04 02 9E 10 48 21 40 C9
00 98 09 80 08 01 28 00 33 00 74 40 09 81 00 80
C1 00 02 0F D4 0D 3E 41 40 40 03 08 00 90 00 08
22 90 08 81 01 22 00 40 10 20 18 01 00 0C 08 32
00 03 36 09 31 19 1A 08 00 08 10 CD 12 00 93 05
18 A0 00 A2 40 08 08 89 00 0B 20 80 28 00 C9 02
00 06 81 28 81 11 C6 00 C0 80 04 00 00 10 80 C0
00 80 41 80 03 80 04 80 00 0C 18 20 02 45 01 00
C1 12 80 00 98 00 9C 10 00 00 00 A8 C0 80 01 02
40 40 00 40 06 00 24 00 42 00 40 C0 16 50 02 14
0C 40 00 00 00 04 08 00 80 C0 00 40 10 00 1C 40
40 00 90 32 81 40 00 42 20 00 10 40 68 11 40 84
F0 21 48 60 50 00 81 02 90 0C 10 40 10 00 45 00
10 26 0C 61 20 03 40 02 4A 12 20 40 21 01 02 10
00 00 84 80 01 C0 00 00 88 00 0C 40 00 11 80 00
10 11 08 08 00 41 47 C6 48 21 12 20 40 02 82 00
10 04 04 04 80 00 00 43 08 0A 06 00 12 11 84 01
20 00 42 03 02 0A 00 C3 C0 E0 84 10 20 22 40 02
88 10 A0 00 00 01 00 00 80 48 85 80 03 22 02 02
00 04 26 40 2D 00 00 81 40 E4 06 98 20 00 48 0C
10 09 82 11 28 2D 00 84 02 00 22 00 20 28 00 00
32 04 00 45 38 48 21 00 20 00 01 02 08 20 A0 11
22 30 22 00 90 20 01 02 88 90 8C 00 20 68 10 80
04 02 02 40 0C 80 00 20 40 80 00 B4 20 A0 20 40
A0 00 80 02 00 02 40 40 90 98 24 11 40 00 E0 80
00 50 00 50 0C 10 90 0A 18 40 0C 20 02 00 82 00
00 01 40 00 08 00 98 01 32 20 10 14 B8 02 00 C1
85 44 0D 00 10 08 54 00 50 00 50 00 00 20 20 8C
69 84 81 15 15 1B 85 08 00 20 26 18 1A 38 48 51
04 14 00 82 00 00 96 40 13 0E 14 00 60 80 10 08
14 06 44 00 00 10 00 80 80 41 40 18 43 00 00 80
80 08 21 02 00 00 00 04 40 03 0C 10 82 14 09 0E
00 00 00 C0 88 02 0A 20 00 81 00 30 00 09 82 41
A0 00 02 41 CA 02 0A 10 C0 01 80 26 84 41 21 01
20 48 02 00 A4 84 91 40 00 10 40 16 21 42 22 00
00 00 84 24 00 50 84 A0 00 8C 11 20 09 0C 80 00
10 80 00 00 0A 00 08 00 0C 02 00 40 00 69 00 3C