20 30 8A 90 03 B1 84 30 40 82 22 A2 02 B2 22 50
08 0E 04 00 24 02 02 48 00 27 24 05 20 00 49 00
40 08 20 1A 18 D2 81 08 80 8D 04 00 04 A1 01 45
23 40 02 00 10 00 28 04 20 40 08 01 00 22 02 10
44 82 04 40 14 40 24 00 43 83 80 20 00 04 80 02
82 10 84 40 00 60 80 62 88 00 00 0C 04 0E 00 80
59 10 40 00 01 04 49 1C 80 A0 29 24 18 40 02 02
C2 08 20 11 0C 20 40 08 00 48 00 00 20 40 05 20
8D 22 24 01 22 16 13 41 33 24 00 04 10 31 24 22
00 20 40 00 00 01 60 10 20 00 02 00 93 50 06 08
0A 0C 18 08 84 29 04 A0 23 00 05 02 01 00 40 00
2C 42 02 01 20 10 20 14 28 00 00 00 12 00 0A 24
00 10 08 C0 A9 00 20 00 52 33 41 60 54 10 80 66
01 09 28 00 80 08 00 10 22 89 20 0A 92 22 B5 41
04 14 02 0A 00 04 60 00 00 08 68 A0 08 84 C0 40
04 01 00 00 60 00 28 02 28 52 40 30 48 85 00 01
08 C5 00 48 04 10 36 08 C4 00 86 24 00 90 02 00
60 88 04 C8 12 80 10 02 08 02 48 48 04 00 42 D2
00 00 00 81 20 00 21 04 D0 81 11 00 72 41 61 08
08 01 20 04 20 08 01 1C 14 C0 08 10 00 04 40 40
40 44 06 10 20 0C 01 D0 05 80 00 00 00 39 24 28
C4 24 41 08 40 80 4E 26 01 05 00 82 04 00 B1 A0
E0 09 00 2C 00 24 00 C4 05 A0 00 44 01 01 40 00
80 0A 00 28 00 81 C0 70 00 00 04 02 01 02 28 80
00 24 04 A0 20 20 44 02 23 00 00 00 00 40 20 44
32 04 08 00 19 50 00 51 01 00 22 8A 11 08 20 04
02 0C 00 10 00 00 80 82 20 0B 24 00 74 80 54 00
80 D1 10 A0 10 24 10 50 21 26 02 02 08 04 00 80
00 10 0B 09 0C 0E 28 02 01 00 A5 20 C0 0A 00 03
02 10 05 B4 80 31 02 00 04 10 0A 40 22 00 00 40
10 00 00 08 0C 08 84 80 0C 82 38 40 00 00 20 06
00 88 00 21 24 01 00 0C 12 20 80 04 20 00 20 21
00 00 40 00 20 82 20 00 03 80 64 00 02 00 00 10
90 01 A0 01 80 64 90 98 07 A0 00 80 18 90 08 02
40 80 00 01 40 51 80 10 00 40 00 80 40 00 80 00
88 28 22 8A 25 88 01 40 02 81 20 04 30 10 20 22
20 20 00 10 04 4A 8A 10 0C 96 18 C0 48 04 50 15
20 03 28 02 A0 00 04 00 72 00 02 0C 00 10 06 80
08 03 88 00 00 04 14 40 9C 21 18 11 20 24 41 00
00 06 40 02 00 20 01 10 02 88 01 05 C4 00 00 01
01 00 C9 B0 C0 82 01 02 03 12 0A 14 0A 0B 14 00
80 50 05 00 04 00 20 04 18 40 16 00 C1 01 01 04
42 04 44 82 00 60 00 40 04 42 32 00 81 6A 00 0A
00 12 20 30 00 06 00 08 40 08 00 00 10 44 01 04
00 01 20 02 01 04 81 08 08 18 40 00 14 02 01 80
C8 00 00 10 00 01 C8 00 00 20 B0 10 00 20 80 08
02 30 C0 45 A0 07 01 51 90 B0 00 40 12 40 10 80
0B 05 28 10 08 00 50 48 00 00 30 00 C6 90 08 25
04 21 09 02 50 00 00 00 10 08 1A 48 00 45 00 23
00 80 16 00 02 A9 10 40 04 26 20 09 00 C9 00 74
E4 24 02 00 50 48 00 80 29 04 20 40 00 40 00 00
0D 44 00 36 00 00 00 00 20 00 20 31 00 04 10 0A
08 02 00 38 01 40 01 12 82 19 03 80 06 00 84 A2
82 49 04 49 05 50 00 01 40 00 00 31 02 70 A0 16
68 80 18 80 00 40 20 10 00 08 00 01 01 52 05 10
01 02 20 83 00 23 C0 92 50 20 00 1A 18 00 00 28
10 00 04 04 30 20 16 20 14 12 40 00 98 22 88 60
02 08 14 00 2C 00 00 40 50 09 00 08 08 02 00 51
00 01 00 2A 50 3A 40 00 06 01 00 23 90 10 00 04
00 80 42 00 81 D0 00 C0 28 20 00 80 80 0B 24 08
10 00 00 94 00 80 00 24 80 04 00 05 00 E0 00 02
02 0C 43 80 00 C2 00 04 40 00 00 02 80 42 03 48
10 81 10 40 17 00 44 18 8C 04 0A 04 02 00 A4 00
00 04 0B 00 01 14 80 00 40 02 01 40 08 84 08 80
88 A5 29 90 A1 81 08 08 00 00 0C 09 08 28 04 00
08 20 16 64 05 26 00 00 08 20 80 10 04 41 90 00
19 00 00 00 86 11 54 A0 40 22 80 52 00 12 05 04
10 00 08 00 00 A3 0D 20 04 00 09 80 08 03 00 84
02 30 08 30 02 00 4A 18 00 18 00 16 82 34 20 D0
10 49 98 02 40 00 09 00 48 10 08 01 48 81 20 20
70 00 00 00 41 00 14 00 A1 40 08 92 00 05 00 06
80 00 81 64 00 00 08 38 50 01 41 80 60 C8 81 80
08 00 19 14 01 12 08 10 10 F4 00 40 49 00 03 0C
08 00 08 0A 00 00 00 44 49 04 00 40 21 00 A9 00
41 50 00 98 81 48 0C 08 0A 01 09 01 01 22 10 20
25 15 09 98 03 40 20 00 4C 0E 00 08 08 84 00 04
0A 4C 01 50 08 23 08 24 00 20 00 4C 00 C0 04 21
04 F8 2C D4 20 10 61 61 00 12 18 89 12 00 08 20
08 08 80 10 03 20 11 01 40 02 40 00 E0 C4 74 34
E2 40 54 04 01 00 00 04 00 96 19 84 00 06 1C 00
90 20 C0 92 30 08 B4 C8 03 80 0C 02 08 20 04 A8
40 00 60 24 01 14 05 01 04 01 14 C0 04 88 20 0C
40 00 54 0C 90 02 44 03 40 00 40 82 03 B2 01 02
78 32 02 01 80 01 00 40 01 42 40 00 20 81 00 20
40 02 40 82 30 E2 16 19 04 70 8C 50 46 00 20 40
42 42 A2 00 10 01 6E 21 00 00 09 11 05 04 06 82
88 10 03 02 40 04 20 49 10 19 34 33 12 00 31 01
06 40 16 00 80 A4 01 28 B4 08 01 84 1A 80 08 00
20 01 00 00 A0 02 73 02 34 24 05 00 60 34 02 04
0A 40 00 00 82 4A 82 02 20 01 90 00 04 20 08 20
18 20 49 09 0C 09 00 01 04 02 9E 10 48 21 40 C9
01 98 09 80 08 41 28 00 33 04 54 40 01 81 00 80
C1 00 02 0F D4 0D 3E 41 40 40 03 08 00 90 00 08
20 90 00 81 01 33 00 40 10 20 18 01 00 0C 08 32
00 03 36 09 31 19 1A 08 00 08 10 C9 12 04 83 05
58 A0 00 22 40 00 08 88 20 0B 20 80 28 00 C9 02
00 06 81 20 81 10 C6 00 C0 80 04 00 00 10 80 C0
40 80 41 80 03 40 04 80 00 04 18 20 02 45 01 00
C1 12 80 00 98 00 9C 10 00 00 58 A8 C0 80 41 42
40 40 20 60 06 00 24 00 42 00 40 E4 16 10 02 14
0C 40 06 00 00 04 08 00 80 80 02 60 10 40 3C 40
40 00 B0 32 83 40 00 40 20 00 10 40 68 15 40 84
F0 21 48 60 50 00 A1 02 11 0C 18 40 10 00 45 00
10 26 04 61 20 03 40 02 4A 1A 20 40 20 01 02 10
21 00 80 00 11 C0 00 00 88 04 0C 40 00 11 80 00
10 11 00 00 00 40 47 86 48 20 12 28 40 02 86 02
10 00 04 54 80 08 00 23 08 0A 06 00 12 11 84 11
20 00 42 03 02 0A 00 C3 C0 E0 84 10 20 A3 40 02
80 10 A8 00 04 01 08 00 80 48 85 A0 03 02 02 12
00 04 06 40 25 00 00 81 40 E4 06 98 20 00 08 0C
10 09 82 10 28 2D 00 94 02 00 22 20 22 28 00 00
32 04 00 45 38 49 21 00 20 00 01 02 08 20 A8 11
23 30 22 00 90 20 01 02 80 91 8C 10 20 68 10 80
04 02 02 40 0C 80 00 20 40 80 00 B4 20 A0 20 40
A0 00 80 02 40 02 40 40 90 98 25 11 00 00 E0 88
00 50 10 50 1C 10 90 0A 10 00 0C 20 02 00 82 00
00 00 40 10 18 00 98 00 20 20 80 14 B8 02 00 C1
85 44 2D 00 10 08 54 00 50 40 50 00 00 24 22 88
63 84 81 15 15 1B 85 08 00 20 26 30 1A 38 48 51
04 14 00 80 00 00 16 48 13 0E 1C 08 40 80 10 09
14 06 44 00 00 10 00 80 80 41 40 18 43 00 00 80
C0 08 21 02 00 00 00 14 40 03 4E 10 82 04 09 0E
00 00 80 C0 88 02 0A 20 00 81 00 20 00 09 82 41
80 00 02 41 CA 02 0A 10 00 01 90 06 84 43 21 11
20 48 06 00 A4 84 91 40 00 10 40 16 21 42 22 00
00 00 84 24 80 50 84 A0 20 88 10 20 09 0C 00 00
18 80 00 00 02 C8 08 62 0C 02 40 40 00 69 00 3C