00 30 8A 90 02 B1 0C 30 40 A2 22 A2 02 90 02 50
08 0E 04 00 00 02 02 48 00 27 20 45 20 00 49 00
40 08 20 0A 08 D2 81 08 80 0C 04 00 04 A1 00 45
23 40 02 00 10 00 28 04 20 40 08 00 00 22 02 10
44 08 00 40 14 40 24 00 43 83 80 20 00 04 80 00
82 10 84 40 00 60 80 22 80 00 00 8C 04 0E 00 80
59 10 40 00 01 04 48 1C 80 80 29 24 18 60 00 02
C0 08 20 11 08 20 40 08 00 48 00 00 20 40 05 20
8D 22 24 01 22 16 13 41 13 24 00 04 10 31 24 22
00 00 40 00 00 01 60 00 20 08 02 00 13 40 04 00
0A 6C 19 08 84 09 04 80 23 00 05 02 01 00 40 02
0C 42 02 01 20 10 20 04 20 04 00 00 12 00 0A 24
00 10 08 C0 29 00 20 00 12 33 11 60 54 10 80 64
01 09 28 00 80 00 04 10 62 89 00 02 92 22 B5 41
06 94 00 0A 00 04 40 00 02 08 68 A0 08 84 C0 00
04 01 00 00 20 00 28 02 28 52 40 30 48 05 00 01
08 C5 00 48 04 10 32 00 44 00 84 24 00 91 00 00
62 80 04 88 00 80 10 06 08 02 48 40 04 00 42 D2
00 00 00 81 20 00 01 04 40 81 11 00 52 40 21 08
08 01 22 00 20 08 01 1C 14 C0 08 10 08 04 40 40
40 44 06 10 20 0C 01 D0 01 80 00 00 01 39 24 28
84 24 41 08 40 80 0D 06 01 05 00 12 00 00 B1 20
E0 09 00 4C 00 26 00 C4 05 20 00 44 81 01 40 00
84 0A 00 28 00 81 C0 70 00 00 04 02 01 02 08 80
00 04 04 A0 20 20 44 02 20 08 00 00 00 40 20 40
32 04 08 00 19 50 00 55 01 00 02 86 11 08 00 04
00 0C 00 10 00 00 80 82 20 0B 24 00 64 80 54 00
80 C0 10 A0 00 24 10 50 21 02 08 00 00 04 04 80
00 10 09 08 0C 0A 29 02 01 00 A5 20 40 02 00 01
02 10 05 A4 80 31 02 00 04 10 0A 40 22 00 00 40
00 00 00 08 0C 00 84 80 0C 02 30 40 00 00 20 06
10 88 00 21 28 01 04 0C 16 20 80 00 20 00 20 21
00 00 40 04 20 82 20 00 03 80 64 00 02 00 20 10
90 01 A0 01 00 64 90 88 04 A0 00 80 18 90 08 01
40 85 00 01 40 51 80 10 08 40 00 80 40 00 00 00
88 28 22 88 25 88 00 40 02 81 00 00 30 10 20 22
20 20 00 10 04 0A 8B 00 0C 96 18 80 40 04 40 17
20 03 28 02 A0 00 04 00 72 00 0A 08 00 10 06 80
08 03 84 00 00 04 14 40 9C 21 10 11 21 24 40 00
00 06 40 22 10 20 01 10 02 88 01 04 C0 00 00 01
00 00 C9 B0 E0 82 01 02 13 02 0A 14 02 0B 10 00
80 50 05 50 14 00 20 04 18 48 16 00 C1 01 01 04
02 04 44 C2 00 60 00 40 04 02 22 01 81 4A 00 0A
00 12 20 30 00 06 00 08 40 08 00 00 10 40 01 04
00 01 20 02 00 08 81 08 18 10 40 00 14 02 01 80
C8 00 00 10 00 01 C8 20 00 00 B0 10 00 21 80 08
02 20 40 41 A0 01 09 11 10 A0 00 40 12 40 10 80
0B 05 28 10 08 00 10 48 00 00 30 00 C2 90 08 25
06 20 09 03 50 00 00 00 00 08 1A 48 00 45 10 22
00 80 16 20 02 29 10 40 04 26 20 08 00 C1 00 74
E4 20 12 10 50 48 00 80 29 04 20 60 00 40 00 00
0D 44 00 26 00 00 00 00 20 00 20 31 00 04 10 0A
08 00 00 38 01 40 81 13 82 09 01 80 06 00 04 A2
82 49 04 49 05 50 00 01 40 00 00 31 02 70 A0 16
68 80 18 80 00 00 20 10 00 08 00 01 01 5A 00 00
01 02 00 83 00 03 40 82 50 20 00 12 1A 00 00 28
10 00 04 04 30 20 16 00 04 02 40 00 10 22 88 60
00 00 14 00 24 00 04 00 54 09 02 08 08 02 00 51
80 01 00 2A 10 30 40 00 06 01 01 23 90 10 00 00
00 00 42 00 81 C0 00 80 28 28 00 00 80 2B 20 08
00 00 00 14 00 80 00 24 80 04 00 05 00 C0 00 02
02 0C 43 80 00 C2 00 04 40 00 00 42 80 42 03 48
00 81 10 40 06 00 44 18 84 04 0A 04 02 00 24 00
00 04 4B 00 01 30 80 00 40 02 01 40 08 84 08 80
88 A0 29 90 21 85 00 08 00 00 04 09 20 28 04 20
00 20 16 64 05 06 00 00 00 20 80 10 04 41 90 00
19 00 00 00 86 11 54 A0 40 20 80 52 00 12 01 04
12 00 08 00 40 A7 0D 20 04 00 09 80 08 03 00 85
02 20 08 30 02 00 4A 18 00 08 00 16 02 14 20 54
10 21 98 02 00 00 08 02 48 10 08 00 48 81 60 20
70 00 00 00 41 00 14 00 00 40 00 92 00 05 00 06
80 00 81 64 00 08 08 38 10 00 41 80 40 C0 81 80
08 00 13 14 01 12 08 10 10 F4 00 42 49 00 03 0C
08 10 08 18 00 00 00 04 49 04 20 40 21 00 89 00
41 10 00 B8 81 48 0C 08 0A 01 09 00 01 22 00 20
25 05 09 18 02 40 80 00 44 0C 00 08 08 84 00 04
0A 4C 01 50 08 21 08 A4 00 A0 00 4C 00 C0 04 21
04 68 2C D4 20 10 65 60 00 42 18 0D 12 00 08 00
28 08 80 00 02 20 11 01 41 02 40 00 E0 C4 74 34
E2 40 50 0C 01 00 00 04 00 96 18 84 00 06 1C 00
90 00 80 92 20 09 B4 C8 03 C0 04 02 0C 20 00 88
40 00 60 00 01 14 01 00 04 00 04 C0 04 80 20 0C
40 00 54 0C 90 02 40 03 40 00 40 82 03 B2 01 00
78 32 02 01 80 00 00 00 00 42 40 00 20 81 00 00
40 00 40 82 20 A2 16 19 00 70 8C D2 46 00 20 40
42 42 A2 00 00 01 6E 21 00 00 01 01 05 44 06 82
88 10 41 00 40 04 20 49 10 09 30 33 12 00 31 01
06 40 16 00 80 A4 09 A8 B4 08 01 84 1A 80 08 00
20 01 00 00 A0 02 73 02 34 24 05 00 20 34 02 04
0A 00 00 00 82 4A 82 02 20 01 90 00 04 20 48 20
18 20 49 09 0C 09 00 01 04 02 9E 10 48 21 40 C1
01 98 09 80 08 01 29 00 33 00 74 40 01 81 00 80
81 00 02 0B D4 4D 3E 0B 40 40 03 09 00 90 00 08
22 90 00 81 01 23 00 40 10 00 18 00 00 0C 20 32
00 02 36 09 31 19 1A 08 00 08 10 0C 12 00 83 05
18 A0 00 A2 40 00 08 89 00 0B 20 80 28 00 C9 02
02 06 80 28 00 10 C2 00 C0 80 04 00 00 10 80 C0
00 00 45 80 03 60 04 80 00 0C 18 20 02 45 41 00
C1 12 80 00 98 00 9C 10 00 00 58 A8 C0 80 01 22
40 40 20 40 06 00 24 00 42 00 40 E4 16 10 02 14
0C 44 06 00 02 04 08 00 80 C0 00 60 10 00 1C 40
40 00 B0 32 81 40 00 40 20 00 10 40 68 15 40 84
F0 29 48 60 50 00 A1 02 90 8C 19 40 10 00 45 00
10 24 0C 60 20 43 40 00 4A 12 20 40 20 01 02 10
21 00 84 00 11 C0 00 00 88 04 0C 40 00 11 80 00
10 11 00 00 00 41 45 C2 48 20 12 28 40 02 82 00
11 00 04 44 80 00 00 03 08 0A 06 00 02 11 84 11
20 00 42 03 02 0A 00 C3 C0 A0 84 10 20 A2 40 02
80 10 A0 00 04 01 00 00 80 48 85 80 03 22 02 02
00 04 06 40 2D 00 00 81 40 E4 06 98 20 00 48 0E
10 09 82 11 28 2D 00 84 02 00 22 00 20 28 00 00
32 04 00 45 38 48 21 00 20 00 01 02 08 20 A0 11
22 30 22 00 90 20 01 02 80 10 8C 00 20 68 04 80
04 02 00 40 0C 80 00 20 40 80 00 B4 00 A0 21 40
A8 00 80 02 00 00 40 C0 90 88 25 11 00 00 E0 8C
00 50 00 50 88 10 90 0A 10 00 08 20 02 00 02 00
00 40 40 00 08 00 98 00 20 20 08 14 B8 02 00 C1
85 44 2D 00 10 08 54 00 50 00 70 00 00 20 20 88
61 84 81 05 14 0B 95 08 00 20 26 10 1A 18 48 51
04 14 00 80 00 00 16 40 13 0E 14 08 20 80 10 08
14 02 04 00 00 00 00 80 80 41 00 18 43 00 00 80
80 08 21 00 00 00 00 14 50 03 0C 10 82 10 01 2E
00 00 80 C0 88 02 0A 20 00 81 02 28 00 89 82 41
90 00 02 41 CA 02 0A 10 00 01 80 26 84 41 21 11
20 40 02 00 A4 84 91 40 00 10 00 16 21 42 22 00
00 00 04 24 00 50 84 A0 00 88 11 20 09 0C 00 00
40 80 00 00 02 88 08 02 0C 02 40 40 00 69 00 3C