20 20 A2 90 03 B1 0C 30 40 80 22 A2 02 B0 02 50
08 0E 04 00 00 02 02 48 00 27 20 05 20 00 49 00
40 08 20 0A 19 D0 81 08 80 8C 00 00 04 A1 00 45
23 40 02 00 10 00 28 04 20 40 08 00 00 22 02 10
44 08 04 40 10 40 24 00 43 83 80 20 00 04 80 02
82 10 80 40 00 60 80 62 08 00 00 84 04 0E 00 80
51 10 40 00 01 04 41 1C 80 A0 29 24 18 40 00 02
C2 08 20 11 0C 20 40 08 00 48 00 00 20 40 05 20
85 22 24 01 22 16 1B 41 13 24 00 04 10 31 24 22
00 20 40 00 00 01 60 18 20 08 02 00 03 50 02 00
0A 0C 18 08 84 29 04 80 22 00 05 02 00 00 41 00
2C 42 32 01 20 10 20 14 28 00 00 00 12 00 0A 24
00 10 08 C0 29 00 20 00 12 33 55 40 54 10 80 64
01 09 28 00 80 00 00 10 20 89 00 0A 92 22 D5 41
06 14 00 0A 00 00 40 00 02 48 68 A0 08 84 C0 00
00 11 02 00 20 00 08 02 28 52 40 10 48 85 00 01
00 E5 00 48 04 10 36 08 C4 00 84 24 00 90 00 00
60 80 04 88 00 00 90 02 08 02 48 48 00 00 42 D2
00 00 00 81 20 00 01 04 50 81 11 00 50 41 61 08
08 01 20 00 20 00 01 0C 1C C0 08 10 00 04 40 40
40 44 06 10 20 0C 01 50 01 80 00 00 01 39 24 28
84 24 41 08 40 80 0F 06 01 05 00 02 00 00 B1 20
E0 09 00 0C 00 04 00 C0 05 A0 01 44 81 01 40 00
C0 0A 00 28 00 81 C0 70 00 00 04 02 01 02 08 80
00 04 04 A0 20 20 44 02 24 00 00 00 00 40 20 40
32 04 08 00 1B 50 00 51 01 00 02 0A 11 08 00 04
02 0C 00 10 00 00 80 82 20 08 24 00 70 80 54 00
80 C0 10 A0 10 24 10 50 21 06 08 00 00 04 00 80
00 10 0B 08 0C 0F 29 02 01 00 A5 20 C0 0A 00 03
02 10 05 A4 80 31 02 00 04 10 02 48 22 00 00 40
00 00 00 08 0C 08 84 80 0E 02 30 40 40 00 20 06
00 88 00 21 28 01 04 0C 16 20 80 00 20 00 20 21
00 00 40 00 20 82 20 80 03 80 64 00 02 00 00 10
90 01 A0 01 00 2C 90 98 04 A0 00 80 18 90 08 00
40 84 00 01 40 50 80 10 08 40 00 80 40 00 80 00
88 28 22 80 25 88 00 40 02 81 20 00 30 10 20 22
20 20 00 10 04 0A 8A 10 0C 96 38 A0 40 04 50 17
20 03 28 02 A0 00 04 00 72 00 02 0C 00 10 02 80
08 03 8C 00 00 04 14 40 9C 21 18 11 21 24 40 00
00 06 40 00 00 20 01 10 02 88 01 04 C4 00 00 01
03 00 89 F0 C0 82 01 02 03 12 0A 14 0A 0B 10 00
80 50 05 40 14 00 20 04 18 48 16 00 81 01 01 04
02 04 44 C2 00 60 00 40 04 42 20 00 81 48 00 0A
00 12 20 20 00 06 00 08 40 08 00 00 10 40 01 04
00 01 20 02 00 00 81 18 18 10 48 00 14 02 01 80
C8 00 00 10 00 01 C8 20 00 20 B0 10 00 20 80 08
02 00 C0 41 A0 01 01 11 10 B0 00 40 12 40 10 00
0B 05 28 10 08 00 10 48 00 00 30 00 C6 90 08 25
04 01 01 03 60 00 10 00 10 00 1A 48 00 45 00 23
04 80 16 00 42 A9 10 40 04 26 20 08 40 C1 00 74
64 20 52 00 40 48 00 80 29 04 00 40 00 40 00 00
09 44 00 36 00 00 20 00 20 00 20 31 00 04 90 0A
08 00 00 38 00 00 01 13 82 09 01 80 06 00 84 A2
82 49 04 49 05 50 00 01 40 00 00 31 02 F0 A0 16
68 80 19 80 00 40 22 18 00 08 00 01 00 02 04 00
01 02 00 83 00 03 40 92 40 20 00 12 18 00 00 20
10 00 00 04 30 20 16 00 04 02 40 00 10 26 08 60
02 00 14 00 2C 00 04 40 54 09 12 08 08 02 00 51
00 01 00 2A 10 38 42 00 06 01 01 A3 90 10 00 04
00 80 42 00 81 C0 00 80 28 20 00 00 80 0B 62 08
00 00 00 94 00 80 02 24 80 04 00 05 00 C0 00 00
02 0C 43 80 00 C2 00 04 02 00 40 42 81 42 01 48
00 81 10 40 06 00 40 18 84 04 0A 04 02 00 24 00
00 04 0B 00 01 14 80 00 40 82 00 40 18 84 08 80
88 A4 29 90 21 80 00 08 00 00 0C 09 08 28 04 20
00 20 16 64 05 06 00 00 08 20 80 10 04 41 90 00
19 00 00 00 86 11 54 A0 00 22 80 52 00 12 01 24
10 00 08 00 40 A3 0D 20 04 00 09 80 08 03 00 84
02 20 08 30 02 00 4A 18 00 18 00 96 02 14 20 54
10 21 88 00 00 00 08 00 48 00 08 01 48 81 60 20
70 00 00 00 40 00 14 00 00 40 00 92 00 05 00 06
80 00 81 64 00 00 08 38 50 00 41 80 41 C0 81 80
08 00 10 10 01 12 08 10 10 B4 00 40 49 00 03 0C
08 10 08 1A 00 00 00 04 49 04 00 40 21 00 A9 04
41 50 00 98 81 48 0C 08 0A 01 0B 00 01 22 00 00
2D 15 09 10 02 40 80 00 4C 0E 00 08 08 80 00 04
0A 4C 01 51 08 23 08 A4 00 A0 00 0C 00 C0 04 21
04 78 28 D4 20 10 65 61 00 12 18 09 12 08 08 20
28 08 80 10 02 20 11 01 41 00 40 00 E0 E4 64 34
E2 40 10 08 07 00 00 04 00 96 19 C4 00 06 1C 00
90 20 C0 82 30 08 B4 C8 00 C0 0C 02 0C 20 00 08
40 00 20 24 01 14 05 01 04 01 04 C0 04 80 20 1C
40 40 54 0C 90 02 44 03 40 00 40 82 43 B2 01 02
70 32 02 01 82 00 00 00 00 62 00 02 20 81 00 20
40 02 40 82 20 A2 16 19 00 70 0C D0 46 00 40 40
42 40 A2 00 00 01 4E 21 04 00 09 01 05 04 06 82
08 02 01 02 40 04 28 49 10 19 30 33 12 00 31 01
02 40 16 00 80 A4 01 28 B4 08 01 84 1A 80 48 00
20 01 00 00 A0 02 73 02 34 24 25 00 60 34 00 04
0A 00 00 00 82 42 82 02 00 01 90 00 04 20 0A 20
08 20 49 09 0C 01 00 01 04 02 9E 10 48 21 40 C9
01 98 09 80 08 01 09 00 33 00 54 40 01 81 00 80
81 00 02 0F D4 0D 3E 03 40 40 03 08 00 90 00 08
22 90 00 81 01 23 00 40 00 20 18 01 00 0C 28 32
00 02 26 09 31 19 1A 08 00 08 10 88 12 00 93 05
18 A0 00 82 40 00 08 88 00 0B 30 80 28 00 C9 02
00 06 80 28 81 10 C6 00 C0 80 04 00 00 10 80 C0
00 00 45 80 03 20 04 80 00 04 18 20 02 45 01 00
C1 12 80 00 98 00 9C 10 00 00 10 A8 80 80 01 42
40 40 00 60 16 00 24 00 42 00 40 C4 16 10 02 14
04 40 02 00 00 04 08 00 80 80 00 40 10 00 1C 40
40 00 B0 32 81 40 00 40 20 00 10 40 28 15 40 84
F0 21 48 60 50 00 A1 02 90 0C 18 40 10 00 45 00
10 26 08 61 20 03 40 02 4A 10 20 40 20 01 02 10
21 00 80 00 01 C0 00 00 88 00 0C 40 02 11 80 00
10 11 00 08 00 41 47 86 48 28 12 20 40 02 82 00
11 00 04 44 80 00 00 23 08 0A 06 00 12 11 84 11
20 00 42 03 02 0A 00 41 C0 E0 84 00 20 22 40 02
88 10 A0 00 04 01 00 00 80 48 85 80 03 22 02 02
00 04 06 40 25 00 00 81 40 E4 04 98 20 00 48 0C
10 09 82 11 28 2D 00 84 02 00 22 00 20 28 00 00
32 04 10 45 38 49 21 00 20 00 01 02 08 20 A0 11
32 30 22 00 90 20 01 02 80 90 8C 00 20 68 10 80
04 02 02 40 0C 00 00 20 40 80 00 B4 00 A0 21 40
20 00 84 02 00 00 40 40 90 98 24 11 00 00 60 88
00 50 10 10 1C 10 90 0A 10 40 0C 20 02 00 82 00
00 40 40 00 08 00 98 00 20 20 08 14 B8 02 00 C1
85 44 0D 00 10 08 54 00 50 00 70 00 02 20 22 88
69 84 01 05 14 0B 85 08 08 20 26 10 1A 38 48 41
04 14 00 80 00 00 16 40 13 0E 14 08 60 80 10 01
14 06 44 00 00 00 00 82 00 41 00 18 43 00 00 80
80 08 21 02 00 00 00 14 50 01 4C 10 82 14 08 2E
00 00 80 C0 88 02 0A 20 00 81 00 30 00 88 82 41
80 00 02 41 4A 02 0A 10 40 01 90 A6 84 41 21 01
00 48 04 00 A4 84 81 40 00 10 00 16 21 42 22 00
00 02 04 24 00 50 84 A0 00 88 11 00 09 0C 00 00
00 80 00 00 02 48 08 02 0C 02 40 40 00 69 00 3C