20 30 AA 90 03 B1 0C 30 40 82 22 A2 02 B2 02 50
08 0E 04 00 20 02 02 48 00 27 20 05 20 02 49 00
40 08 20 1A 18 D2 01 0C 80 8D 04 00 04 A1 00 45
23 40 02 00 10 10 28 04 20 40 08 00 00 22 02 10
44 8A 00 40 10 40 24 00 43 83 80 20 00 04 80 00
82 11 80 40 00 60 80 22 88 00 00 0C 04 0E 00 80
51 10 40 00 01 04 49 1C 80 A0 29 24 18 60 00 12
C2 08 20 11 0C 20 40 08 00 48 00 00 20 40 05 20
85 22 24 01 22 16 1B 41 13 24 00 04 10 21 24 22
00 20 C0 00 00 01 60 18 20 08 02 00 83 50 06 08
0A 6C 19 08 84 29 04 A0 23 00 05 12 01 00 50 02
2C 42 12 01 20 10 20 14 28 00 00 00 12 00 0A 24
00 10 08 C0 69 00 20 00 52 33 55 60 54 10 80 66
01 09 28 00 80 08 04 10 62 89 00 0A 92 22 F5 41
44 90 02 0A 00 04 64 00 02 08 68 A0 08 84 C0 40
04 01 00 00 60 00 28 02 28 52 40 30 48 85 08 01
09 E5 00 48 04 10 36 08 C4 00 86 24 00 91 00 00
60 A0 04 88 12 80 10 02 08 02 48 48 00 00 42 D2
00 00 04 81 20 00 81 04 D0 81 11 00 72 41 61 08
08 01 20 00 20 08 01 1C 14 C0 08 10 08 04 40 40
40 44 06 90 20 0C 01 D0 01 80 00 00 01 39 24 28
84 24 40 08 40 80 0D 26 01 05 00 82 04 00 B1 A0
E0 09 00 0C 10 24 00 C0 05 20 01 44 81 01 44 00
80 0A 00 28 10 81 C0 70 20 00 04 02 00 02 28 80
00 24 04 A0 20 20 44 02 21 00 00 00 00 40 20 40
32 06 08 00 19 58 00 55 01 04 06 8A 01 08 00 04
02 0C 00 10 00 00 80 82 20 0A 24 00 70 80 14 00
80 C0 10 80 10 24 10 50 21 04 00 00 00 04 00 80
00 10 0B 08 0C 0B 29 02 01 80 A7 20 44 0A 00 01
02 00 05 A0 80 31 02 00 04 10 0A 40 22 00 00 40
00 00 00 08 0C 08 84 80 0E 82 38 40 80 00 20 06
10 88 00 21 2C 01 00 0C 12 20 80 10 20 00 20 21
00 00 40 00 20 82 20 80 03 80 64 00 02 00 00 10
90 01 A0 01 80 6C 90 98 04 A0 00 80 18 90 08 00
40 80 00 01 40 50 80 10 08 40 00 80 40 00 00 00
88 28 32 88 25 88 01 40 02 81 20 00 30 10 20 22
20 20 08 10 04 4A 8B 10 0C 96 38 A0 40 04 50 17
20 03 28 02 A0 00 04 00 72 00 02 0C 00 10 02 80
08 03 8C 00 00 04 14 40 9C 21 18 11 20 24 41 00
00 06 40 20 10 20 01 10 02 88 01 05 C4 00 00 05
01 00 C9 91 C1 82 01 02 13 12 0A 14 0A 0B 10 00
80 51 05 00 14 00 20 04 18 48 16 00 80 01 01 04
42 04 44 82 00 60 00 40 04 42 22 00 81 4A 00 0A
00 12 20 20 00 06 00 08 40 08 00 00 10 44 01 04
00 01 20 02 00 00 81 18 18 10 48 00 14 02 01 80
C0 00 00 10 00 01 C8 20 00 20 B0 10 00 A1 80 08
02 20 C0 41 A0 03 08 51 10 B0 00 40 12 40 10 00
0B 05 28 10 08 00 52 48 02 00 30 00 C6 90 08 25
04 21 09 03 50 00 00 00 10 08 1A 48 00 45 12 23
00 80 16 20 42 29 10 40 04 26 20 08 00 C9 00 74
E4 24 52 10 50 40 00 80 29 04 00 40 00 40 00 00
0D 44 00 26 00 00 00 00 20 00 20 71 00 00 10 0A
08 00 40 38 00 40 01 12 82 19 01 80 06 00 84 22
82 49 04 49 05 40 00 01 40 00 00 31 02 F0 A0 16
68 80 1D 80 00 40 20 10 00 08 00 01 00 52 0C 00
01 02 20 83 00 03 C0 92 50 20 00 12 1A 00 00 28
10 00 04 04 30 20 16 20 14 12 40 00 10 06 88 61
02 08 14 00 2C 00 04 4A 54 09 02 08 08 02 00 51
80 01 00 2A 10 3A 42 04 06 01 01 23 90 10 00 04
00 80 02 00 81 C0 00 C0 28 28 00 80 80 0B 60 08
10 04 00 94 00 80 00 24 80 04 00 05 00 E0 40 02
02 08 43 80 00 C2 00 04 42 00 40 42 80 42 13 48
00 81 10 40 16 00 44 18 84 04 0A 04 02 00 A4 00
00 04 0B 04 01 14 00 00 40 02 01 40 18 84 08 80
88 A0 29 90 A1 80 08 08 04 20 0C 09 08 28 04 20
08 20 16 64 05 26 00 00 08 20 80 10 04 41 90 00
19 00 00 00 86 11 54 A0 40 22 80 52 00 12 01 24
1B 00 08 00 40 A3 0D 20 04 00 09 80 08 03 00 85
02 30 08 32 02 00 4A 18 00 08 00 96 02 14 20 D0
10 81 90 82 00 00 09 00 48 00 08 00 48 81 60 20
70 00 00 00 40 00 14 00 00 40 00 92 00 05 00 06
80 00 01 44 00 00 08 38 50 01 41 80 40 C8 81 80
48 01 11 14 01 12 08 10 10 74 00 40 49 00 03 0C
08 11 08 1A 00 00 00 04 49 04 20 40 21 00 A9 04
41 10 00 B8 83 48 0C 08 0A 01 09 00 01 22 00 00
25 15 09 10 03 40 00 00 4C 0E 00 08 08 84 00 04
0A 4C 01 40 08 23 08 24 00 24 00 4C 00 C0 04 21
04 E0 2C D4 20 10 65 60 00 12 18 09 12 00 08 20
28 08 88 10 03 20 11 01 41 02 40 40 E0 C4 74 34
E2 40 10 0C 01 00 00 06 40 96 18 84 00 46 1C 00
90 20 C0 92 30 08 B4 C8 03 80 0C 02 0C 20 04 A8
40 00 60 24 01 14 05 00 04 01 44 C0 04 80 20 1C
40 40 54 0C 90 02 44 03 40 00 40 82 03 B2 01 02
70 32 02 01 80 00 00 40 00 62 00 02 20 81 00 20
40 02 40 82 20 E2 06 19 04 70 0C D0 42 00 20 00
42 42 A2 00 00 01 4E 21 00 00 01 11 25 04 06 82
88 12 41 02 40 04 20 49 10 19 30 33 12 00 30 01
06 40 16 00 80 A4 09 28 B4 08 01 84 1A 80 08 00
20 01 00 00 A0 02 73 02 34 24 45 00 20 34 02 04
0A 40 00 00 82 4A 82 22 00 01 90 00 04 60 4A 60
18 20 49 49 0C 09 00 01 05 02 9E 10 48 21 50 C1
01 98 09 80 08 41 08 00 33 04 74 40 01 81 00 80
C1 00 02 0F D4 4D 3E 43 40 40 03 08 00 90 00 08
02 90 00 81 01 23 00 40 10 00 18 01 00 0C 28 32
00 03 36 09 31 19 1A 08 00 08 10 CB 12 04 93 05
58 A0 00 A2 40 00 08 89 20 0B 30 80 28 00 C9 02
00 06 80 28 80 50 C6 00 C0 80 04 00 00 10 80 C0
40 80 45 80 03 20 04 80 10 0C 18 20 02 05 01 00
C1 12 90 00 98 00 9C 10 00 20 10 A8 C0 80 01 42
40 40 00 40 06 00 24 00 42 00 40 E4 06 10 02 54
0C 40 06 00 02 04 08 00 80 C0 00 40 10 40 1C 40
40 00 90 32 81 40 00 40 20 00 10 40 28 15 40 84
F0 21 48 60 50 00 A1 02 50 0C 18 40 10 00 45 00
10 24 0C 61 20 03 40 02 4A 12 20 42 20 01 02 10
20 00 80 00 01 C0 00 00 A8 00 0C 40 00 15 80 00
10 11 08 08 00 41 47 82 48 20 12 20 40 02 82 00
11 00 04 04 80 00 00 63 08 0A 07 00 13 11 84 11
20 00 42 03 02 0A 00 C3 C0 E0 84 00 20 A3 40 02
88 10 A0 00 04 01 00 00 80 48 85 A0 03 02 02 02
00 04 06 40 2D 00 00 81 40 E4 06 98 20 00 08 0C
10 09 82 10 2C 2F 00 84 02 00 22 20 20 28 00 00
32 40 00 41 38 48 21 00 20 00 01 02 08 20 AA 11
2A 30 22 00 80 20 01 02 80 90 8C 00 20 68 14 80
04 02 02 40 0C 80 00 20 40 80 00 B4 00 E0 20 40
A0 00 80 02 00 00 40 C0 90 98 25 11 00 00 60 84
00 50 00 50 0C 12 91 0A 18 40 0C 20 02 00 82 00
00 41 40 10 08 00 98 00 21 20 00 14 B8 02 00 C1
85 44 2D 00 10 08 54 00 50 00 50 00 00 20 22 88
6B 84 81 05 15 1B 85 08 00 28 26 38 1A 38 48 51
84 14 00 80 00 00 16 40 13 0E 14 00 60 80 10 09
14 02 00 00 00 10 00 80 80 40 00 18 43 00 00 80
80 08 21 02 40 00 00 14 40 03 4C 10 82 04 09 0E
00 00 80 C0 88 03 0A 22 00 81 02 30 00 08 82 41
90 00 02 43 CA 02 0A 10 40 01 80 A6 84 41 21 11
20 48 82 00 A4 84 91 40 00 10 40 16 21 42 22 00
00 02 04 24 00 50 84 A0 10 88 11 20 0B 0C 00 00
08 80 80 00 0A 48 08 40 0C 02 00 C0 00 69 00 3C