20 30 8A 90 03 31 04 30 50 82 22 A2 02 F0 02 50
08 0E 04 00 00 02 02 48 00 27 20 01 20 00 49 00
40 08 20 0A 18 D0 01 08 80 8D 04 00 04 A1 00 45
23 40 02 00 10 00 28 04 20 40 08 01 00 22 02 10
44 80 00 40 10 40 24 00 43 83 80 20 00 04 80 00
82 10 80 40 00 60 80 62 88 00 00 0C 04 0E 00 80
51 10 40 00 01 04 48 1C A0 A0 29 24 18 40 00 02
C2 08 20 11 08 20 40 08 00 48 00 00 20 40 05 20
8D 22 24 01 22 96 13 41 13 24 00 04 10 21 24 22
00 00 00 00 00 01 60 08 20 08 02 00 03 50 04 08
0A 0C 19 08 84 08 04 00 23 00 05 00 01 00 40 02
3C 42 12 01 20 10 20 14 28 04 00 00 12 00 0A 24
00 10 08 C0 69 00 20 00 12 33 55 60 54 10 80 64
01 09 28 00 80 00 00 10 22 89 20 02 92 22 F5 C1
02 10 00 0A 00 04 60 00 02 48 68 A0 08 84 C0 00
04 01 00 00 20 00 28 02 28 52 40 30 48 05 00 01
08 E5 00 40 00 10 32 08 C4 00 84 24 00 91 00 00
60 A0 04 88 10 80 10 06 08 02 48 48 00 00 42 D2
00 00 00 81 20 00 81 04 D0 81 11 00 72 41 21 08
08 01 00 00 20 00 09 1C 14 C0 08 10 00 04 40 40
40 44 06 10 20 0C 01 50 01 80 00 00 00 39 24 28
C4 24 41 08 40 80 0D 06 01 05 00 02 00 00 B1 A0
E0 09 00 0C 00 20 00 C0 05 20 01 44 81 09 44 00
84 0A 00 28 80 84 C0 70 00 00 04 02 01 02 08 80
00 04 04 A0 20 20 44 02 22 00 00 00 00 40 20 40
32 04 08 00 19 58 00 51 01 00 02 06 01 08 00 04
00 0C 00 10 00 00 80 82 20 0A 24 00 24 80 54 00
80 C0 10 A0 00 24 10 40 21 06 08 00 08 04 04 80
00 10 09 08 0C 0B 28 02 01 00 A6 20 40 0A 00 01
02 00 05 A0 80 30 02 00 04 10 0A 48 22 00 00 40
00 00 00 08 0C 08 84 80 0C 02 30 00 00 00 20 02
10 88 00 21 20 01 00 0C 12 20 00 05 20 00 20 21
00 00 40 00 20 82 20 00 03 80 44 00 02 08 20 10
90 01 A0 01 00 64 90 98 04 A0 04 80 18 90 08 03
40 84 00 01 40 51 80 10 00 40 00 80 40 00 80 00
88 28 22 80 25 88 00 40 02 81 20 00 30 10 20 22
20 20 00 00 04 0A 8A 00 0C 96 18 A0 40 04 50 17
20 01 28 02 A0 00 04 00 72 00 02 08 00 10 06 80
08 03 8C 00 00 04 14 41 9C 21 18 11 20 A4 41 00
00 06 40 02 10 20 01 10 02 88 01 04 C4 00 00 05
01 00 89 B0 C0 82 01 02 03 12 0A 14 02 03 10 00
80 50 05 40 04 00 20 08 18 48 12 00 81 01 01 04
02 04 44 C2 00 60 00 40 04 42 22 01 81 6A 00 0A
00 12 20 30 00 06 00 08 40 08 00 00 00 40 01 04
00 00 20 02 00 00 81 18 18 10 48 00 14 00 01 80
40 00 00 10 00 11 C8 20 00 20 B0 10 00 20 80 08
02 00 40 01 A0 01 00 51 10 B0 00 40 12 40 10 00
0B 05 28 10 08 00 50 48 02 00 30 00 C6 90 08 25
04 20 01 03 50 00 00 00 00 00 1A 48 00 45 00 23
00 80 16 20 02 A9 10 40 04 26 20 08 40 C1 00 74
64 20 52 00 50 48 00 80 29 04 00 40 00 40 00 00
0D 44 00 26 00 00 00 00 20 00 20 31 00 04 10 0A
08 00 40 38 00 40 00 13 82 19 01 80 06 00 04 22
82 49 04 49 05 40 00 05 40 00 00 31 02 70 A0 16
68 00 19 80 00 00 20 10 00 08 00 01 00 52 04 10
01 02 00 83 00 03 40 92 50 20 10 12 1A 00 00 20
10 00 04 04 30 20 16 00 04 02 40 00 10 26 88 60
02 00 14 00 04 00 04 00 54 09 00 08 08 02 00 51
00 01 00 2A 10 3A 42 00 06 01 01 23 90 10 00 04
00 00 43 00 81 C0 00 80 28 28 00 00 80 0B 22 08
10 00 00 14 00 80 00 20 00 04 00 01 00 C0 00 00
02 0C 43 80 00 C2 00 04 00 00 00 42 80 42 03 48
00 81 10 40 16 00 44 18 84 04 0A 04 02 00 24 00
00 04 0B 00 01 10 00 00 40 02 00 40 08 80 08 80
88 A4 29 90 A1 80 00 08 00 20 0C 09 08 28 04 20
00 20 16 40 05 26 00 04 00 20 80 10 04 41 90 00
59 00 00 00 86 10 54 A0 40 22 00 52 00 12 01 24
12 00 88 00 00 A3 0D 20 04 00 09 80 08 03 00 85
02 30 08 30 02 00 4A 18 00 08 00 96 22 14 20 50
10 81 88 00 00 00 09 02 48 10 08 00 48 81 20 20
70 00 00 00 40 00 14 00 00 40 00 90 00 05 00 06
80 00 81 44 00 08 08 38 10 00 41 80 40 C0 81 80
08 00 13 10 01 12 08 10 10 F4 00 40 49 00 03 0C
08 10 08 1A 00 00 00 44 49 04 20 40 21 00 89 00
01 50 00 98 81 68 0C 08 0A 01 0B 00 01 22 00 20
2D 05 09 1A 03 40 80 00 4C 0E 00 08 08 84 00 04
0A 4C 01 50 08 23 08 24 00 A0 00 4C 00 80 04 21
04 68 3C 54 20 10 65 61 00 52 18 09 12 00 08 20
08 08 80 00 03 20 11 01 41 00 40 00 E0 C4 74 30
E2 40 50 00 03 00 00 04 00 96 19 84 00 06 1C 00
90 20 80 92 20 08 B4 C8 03 C0 04 02 0C 20 04 08
40 00 60 24 01 14 05 01 04 01 04 C0 04 80 20 0C
40 40 54 08 90 02 40 03 40 00 40 82 03 B2 11 02
78 32 02 01 80 00 00 40 00 62 00 00 20 81 00 20
40 02 40 82 30 E2 16 19 00 70 8C D0 42 00 20 40
42 40 A2 00 00 01 4E 21 00 00 01 01 24 04 06 82
88 02 03 02 40 04 20 49 10 19 30 33 12 00 31 01
06 40 16 00 80 A4 09 28 B4 08 01 80 1A 80 48 00
20 01 00 00 A0 02 63 02 34 24 05 00 20 14 02 04
0A 40 00 00 82 42 82 22 20 01 90 00 00 20 4A 20
18 20 09 49 0C 09 00 01 04 02 9E 10 48 21 40 C9
00 90 09 80 08 01 28 00 32 04 74 40 01 81 00 80
C1 00 02 0B D4 0D 3E 03 40 40 03 08 00 90 00 08
22 90 08 81 00 23 00 40 10 20 18 00 00 0C 08 32
00 02 26 09 31 19 1A 08 00 08 10 48 12 00 83 05
48 A0 00 A2 40 00 08 88 20 0B 20 80 28 00 C9 02
00 06 81 28 81 10 C2 00 C0 80 04 00 00 90 80 C0
40 80 45 80 03 40 04 80 00 04 18 20 02 45 01 00
C1 12 80 00 98 00 9C 10 00 00 10 A8 C0 80 01 02
40 40 00 40 06 00 24 00 42 00 40 E4 16 10 02 14
0C 40 06 00 00 04 00 00 80 C0 00 60 10 00 1C 40
08 00 90 32 81 40 00 42 20 00 10 50 68 15 40 84
F0 21 48 60 50 00 81 02 90 04 10 40 10 00 45 00
10 24 0C 61 20 02 40 00 4A 10 20 40 20 00 02 10
21 00 80 00 11 C0 00 00 88 04 0C 40 02 11 80 00
10 11 00 00 00 41 46 02 48 20 12 28 40 02 82 00
11 00 04 04 80 00 00 23 08 0A 06 00 12 11 84 11
20 00 42 03 02 0A 00 C1 C0 A0 84 10 20 A3 40 02
80 10 A0 00 04 01 00 00 80 48 85 A0 03 22 02 02
00 04 06 40 2D 00 00 81 40 E4 06 98 20 00 48 0E
10 09 82 11 28 2D 00 84 02 00 22 20 20 28 00 00
32 04 00 41 38 49 21 00 20 00 01 02 08 20 A0 11
22 30 22 00 80 20 01 02 80 90 8C 00 20 60 14 80
04 02 02 40 0C 80 00 00 40 80 00 B4 00 A0 21 40
A0 00 80 02 40 02 42 C0 B0 98 21 11 00 00 60 88
00 50 10 50 0C 10 90 0A 10 00 0C 20 02 00 02 00
00 00 40 00 08 40 98 00 20 20 88 14 B8 02 00 81
85 44 2D 00 10 08 54 00 50 00 70 00 00 20 20 88
69 84 01 05 15 0B 85 08 00 20 26 10 1A 38 48 41
04 14 00 80 00 00 16 40 13 0E 14 08 40 80 10 08
14 02 44 00 00 10 00 80 80 41 00 18 43 00 00 80
80 08 21 02 00 00 00 14 40 03 0C 00 82 04 09 0E
00 00 80 C0 88 02 0A 20 00 81 00 30 00 88 82 41
90 00 02 41 CA 02 0A 10 00 01 80 A6 84 41 21 11
20 40 02 00 A4 8C 91 40 00 10 40 16 21 42 22 00
00 02 04 20 00 50 84 A0 00 88 11 20 09 0C 00 00
48 80 00 00 02 08 08 02 04 02 40 C0 00 69 00 3C