20 30 8A 90 02 31 04 30 10 80 22 A2 02 90 02 50
08 0E 04 00 00 02 02 48 00 27 20 05 20 02 41 00
40 08 20 0A 18 D0 81 08 80 8D 04 00 04 A1 01 44
23 40 02 00 10 00 28 04 20 40 08 00 00 22 02 10
44 0A 00 40 14 40 24 00 43 83 80 20 02 04 80 02
82 10 84 40 00 60 80 22 08 00 00 04 04 0E 00 80
51 10 40 00 01 04 49 1C 80 A0 29 24 18 40 00 00
C0 08 20 11 08 20 40 08 00 48 00 00 20 40 05 20
8D 20 24 01 22 96 13 41 13 24 00 04 10 31 24 22
00 00 00 00 00 00 60 00 20 08 02 00 93 50 06 00
0A 0C 19 08 84 08 04 00 23 00 05 00 01 00 50 00
2C 42 02 01 20 10 20 14 28 04 00 00 12 00 0A 24
00 10 08 C0 29 00 00 00 12 33 51 60 54 10 80 66
01 09 28 00 80 00 04 10 62 89 00 02 92 22 D5 41
02 14 00 0A 00 04 60 00 02 48 68 A0 08 84 C0 40
04 11 00 00 20 00 08 02 28 52 40 30 48 05 00 01
08 C5 00 48 04 10 36 08 44 00 84 24 00 91 00 00
60 80 04 88 02 80 10 02 08 02 48 48 04 00 42 D2
00 00 00 81 20 00 81 04 D0 81 11 00 52 41 61 08
08 01 20 00 20 08 01 0C 14 C0 08 10 00 04 40 40
40 46 06 10 20 0C 01 40 01 80 00 00 01 39 24 28
C4 24 40 08 40 80 0D 06 01 05 00 02 00 00 B1 20
E0 09 00 0C 00 24 00 C0 05 A0 00 44 81 01 44 00
80 0A 00 28 00 81 C0 30 00 00 04 02 00 02 08 80
80 04 04 A0 20 20 44 02 20 00 00 00 00 40 20 40
12 04 08 00 19 50 00 51 01 00 06 03 11 08 00 04
02 0C 00 10 00 10 80 82 20 0A 24 00 74 80 54 00
80 C0 10 A0 10 24 10 50 21 26 00 00 00 04 00 80
00 10 0B 08 0C 0F 29 02 01 00 A4 20 40 0A 00 03
02 00 05 A4 80 31 02 00 04 10 0A 40 22 00 00 40
00 00 08 08 0C 08 84 80 0C 02 30 00 00 00 20 06
00 88 00 21 28 01 00 04 12 20 80 00 20 00 20 21
00 00 40 00 20 02 20 00 03 80 44 00 02 00 00 10
90 01 A0 01 00 64 90 98 04 A0 00 80 18 90 08 21
40 85 00 01 40 51 80 10 08 40 00 80 40 00 80 00
88 28 22 88 25 88 00 40 02 81 20 00 30 10 20 22
20 20 08 10 04 0A 8B 00 0C 96 18 80 40 04 50 15
00 03 28 02 A0 00 04 00 72 00 02 0C 00 10 06 80
08 03 84 00 00 04 14 41 9C 21 18 11 21 20 41 00
00 06 40 00 00 20 01 10 02 88 01 04 C4 00 00 01
01 00 89 B0 C0 82 01 02 13 12 0A 14 02 0B 10 00
80 50 05 00 04 00 20 08 18 48 12 00 81 01 01 04
02 04 44 C2 00 60 00 40 04 42 30 00 81 4A 00 02
00 12 20 30 00 06 00 08 40 08 00 00 10 40 01 04
00 01 20 02 01 04 81 08 18 10 42 00 04 02 01 80
C0 00 00 10 00 01 C8 00 00 20 B0 10 00 21 81 09
02 20 40 05 A0 01 08 11 10 B0 00 40 12 40 10 80
0B 05 28 10 08 00 50 48 00 00 30 00 C6 90 08 25
04 00 09 02 40 00 00 00 10 08 1A 48 00 45 10 23
04 80 16 20 43 A9 10 40 04 26 20 08 40 C1 00 74
E4 21 12 11 50 48 00 80 29 04 20 40 00 40 00 00
09 44 00 26 00 00 20 00 20 00 20 31 00 04 10 0A
08 00 40 30 00 40 01 13 82 09 01 80 06 00 04 22
02 49 04 49 05 40 00 01 40 00 00 31 02 70 A0 16
68 80 18 00 00 00 20 10 20 08 00 01 00 52 04 18
01 02 20 83 00 03 C0 92 50 20 00 12 1A 10 00 20
10 00 04 04 30 20 16 00 04 02 40 00 18 02 88 60
02 00 04 00 24 00 04 40 54 09 00 08 08 02 00 51
00 01 00 2A 10 30 42 00 06 01 01 03 90 10 00 04
00 80 42 00 81 C0 00 C0 28 28 00 80 80 0A 20 08
00 00 00 14 00 80 00 20 80 04 00 01 00 C0 00 02
02 0C 43 80 00 C2 00 04 42 00 00 42 80 42 03 48
00 81 10 40 16 00 44 18 84 04 0A 04 02 00 A4 00
00 04 4B 00 01 34 00 00 40 02 01 40 08 84 08 80
88 A4 29 90 A1 81 00 08 00 00 0C 09 08 28 04 20
00 20 16 64 05 26 00 00 08 20 80 10 04 41 90 00
19 00 00 00 86 11 54 A0 00 22 80 56 00 12 01 24
18 00 08 00 40 A3 0D 20 04 00 09 80 08 03 00 84
02 30 08 30 02 00 4A 18 00 08 00 96 A2 14 20 50
10 01 90 00 00 00 08 02 58 10 08 00 48 81 60 20
70 00 00 00 40 00 14 00 00 40 00 90 00 04 00 06
80 00 81 74 00 08 08 38 50 00 41 80 40 C0 81 80
08 00 18 14 01 12 08 10 10 F4 00 40 49 00 03 04
08 10 08 18 00 00 00 44 49 04 20 40 21 00 A9 00
41 10 00 98 83 48 0C 08 0A 01 09 01 01 20 10 00
2D 05 09 18 03 40 A0 00 4C 0E 00 08 08 84 00 04
0A 4C 01 51 08 23 08 24 00 20 00 0C 00 80 04 21
00 68 28 54 20 10 65 60 00 52 18 01 12 00 08 20
28 08 80 10 03 20 11 01 41 00 40 00 E0 C4 76 34
E2 40 10 0C 01 00 00 04 00 96 18 C4 00 06 14 00
90 20 80 92 30 08 B4 C8 03 80 04 02 0C 20 00 88
40 00 60 24 01 14 01 01 04 00 04 C0 04 80 20 0C
40 40 54 0C 90 02 44 03 40 00 40 82 03 B2 01 00
78 32 02 01 80 00 00 00 00 42 00 02 20 81 00 20
40 02 40 82 20 82 16 19 00 70 0C 50 42 00 20 40
42 42 A2 00 00 01 0E 21 00 00 01 01 05 04 06 82
08 10 01 02 40 04 28 49 10 19 30 13 12 00 31 01
02 40 16 00 A0 A4 09 28 B4 08 01 84 1A 80 08 00
20 01 00 00 A0 02 73 02 34 24 65 00 20 34 02 04
0A 00 00 00 82 42 82 22 00 01 90 00 04 20 0A 60
18 20 48 09 0C 09 00 01 04 02 9E 10 48 21 40 C9
01 98 09 80 08 41 28 00 33 00 54 40 01 81 00 80
C1 00 0A 0F D4 0D 3A 03 40 40 03 08 00 90 00 08
20 90 08 81 01 23 00 40 10 20 18 01 00 0C 00 32
00 03 36 09 31 19 1A 08 00 09 00 C8 12 00 93 05
18 A0 00 82 40 00 08 88 00 0B 30 80 28 00 C9 02
00 06 00 20 00 10 C2 00 C0 80 0C 00 00 10 80 C0
40 00 45 80 03 40 04 80 00 0C 18 20 02 45 01 00
C1 12 90 00 98 00 9C 10 00 00 10 A8 80 80 00 02
40 40 00 40 06 00 24 00 42 00 40 A4 16 10 02 14
84 40 06 00 00 04 08 00 80 C0 00 60 10 00 1C 40
40 00 90 32 81 40 00 42 20 00 10 40 28 15 40 84
F0 20 48 60 50 00 A1 02 90 0C 18 40 10 00 45 00
10 24 04 61 20 03 40 02 4A 12 20 42 21 01 02 10
21 00 80 00 01 C0 00 00 88 04 08 40 02 15 80 00
10 11 00 00 00 41 46 C6 48 20 12 2C 40 02 86 00
11 00 04 44 80 00 00 23 08 0A 06 00 12 11 84 11
20 00 42 03 02 0A 01 C3 C0 E0 84 10 20 22 40 02
80 10 A0 00 04 01 00 00 80 48 85 80 03 22 02 02
00 04 06 40 25 00 00 81 40 E4 06 98 20 00 48 0C
10 09 82 11 2D 2D 00 84 02 00 22 20 20 28 00 00
32 40 00 45 38 48 21 00 20 00 01 02 08 20 A0 11
22 30 22 00 90 20 01 02 80 90 8C 00 20 68 00 80
04 02 00 40 0C 80 00 20 40 80 00 34 00 E0 20 40
20 00 80 02 00 02 40 40 90 98 24 11 00 00 E0 88
00 50 10 50 0C 10 90 0A 18 00 0C 20 02 00 02 00
00 40 40 00 08 00 98 00 21 20 88 14 B8 02 00 C1
85 44 2D 10 10 08 54 00 50 00 70 00 00 20 22 88
61 84 01 15 14 09 85 08 00 20 26 30 1A 18 40 51
04 14 00 82 00 00 16 40 13 0E 14 08 60 80 10 08
14 02 44 00 00 00 00 80 00 41 00 18 43 00 00 80
80 08 21 02 00 00 00 04 50 03 0C 10 82 00 09 0E
00 00 80 C0 88 02 0A 20 00 81 02 20 00 88 82 41
90 00 02 41 CA 02 0A 10 40 01 80 A6 84 41 21 00
20 40 06 00 A4 84 91 40 00 10 40 16 21 42 22 00
00 02 04 24 00 50 84 A0 10 08 11 00 09 0C 00 00
08 80 80 00 02 88 08 02 0C 02 00 D0 00 69 00 3C