20 20 82 90 03 31 04 30 44 82 22 A2 02 B2 22 50
08 0E 04 00 00 02 02 48 00 27 24 01 20 02 49 00
40 08 20 0A 08 D2 01 08 80 8D 04 00 04 A1 00 44
23 40 02 00 10 00 28 04 20 40 08 01 00 22 02 10
44 0A 04 40 14 40 24 04 43 87 80 20 00 04 80 00
82 11 80 40 00 60 80 22 88 00 00 04 04 0E 00 80
51 10 40 00 01 04 48 1C 80 80 29 24 18 60 00 02
C2 08 20 11 08 20 40 08 00 48 00 00 20 40 05 20
8D 22 24 01 22 16 13 41 13 24 00 04 14 31 24 22
00 00 40 00 00 01 60 08 20 08 02 00 03 50 04 00
0A 0C 19 08 84 09 04 A0 23 00 45 02 01 00 41 00
2C 42 10 01 22 10 20 14 28 04 00 00 12 00 0A 24
00 10 08 C0 69 00 00 00 12 33 11 40 54 10 80 66
01 09 28 00 80 00 04 10 22 89 20 02 92 22 B5 41
04 14 00 0A 00 00 60 00 02 08 68 A0 08 84 C0 00
04 01 00 00 60 00 08 02 28 52 40 30 48 80 00 01
00 C5 00 48 04 11 36 08 44 00 84 24 00 91 00 00
60 80 04 88 02 80 10 06 08 02 48 48 04 00 42 D2
00 00 00 81 20 00 00 04 50 81 11 00 72 41 61 08
08 01 20 00 20 00 09 1C 1C C0 08 10 00 04 40 40
40 44 06 10 20 0C 01 40 01 80 00 00 01 39 24 28
C4 24 41 08 40 90 0F 06 01 05 00 02 00 00 B1 A0
E0 09 00 0C 00 24 00 C0 05 A0 00 44 81 01 40 00
80 0A 00 28 00 81 C0 30 00 00 04 02 01 02 08 80
00 04 04 A0 20 20 44 02 23 00 00 00 00 40 20 40
32 04 08 00 19 50 00 51 01 00 02 8E 11 08 00 04
00 0C 00 10 00 00 80 82 20 09 24 00 00 80 54 00
80 C0 10 80 00 24 10 50 21 26 08 00 00 04 00 80
00 10 0B 08 0C 0E 29 02 01 00 A1 20 C0 0A 00 03
02 00 05 A0 80 B1 02 00 04 10 0A 40 22 00 00 40
00 00 00 08 0C 00 84 80 0C 82 30 00 00 00 20 06
02 88 00 21 2C 01 04 0C 12 20 80 10 20 00 20 21
00 00 40 00 20 82 20 00 01 80 44 00 02 00 00 10
90 01 A0 01 00 64 90 98 04 A0 00 80 18 90 08 01
40 85 00 01 40 51 80 10 00 40 00 80 40 00 80 00
88 28 22 8A 25 88 00 40 02 81 20 00 30 10 20 22
20 20 08 10 04 4A 8B 00 0C 96 38 80 40 04 50 15
20 03 28 02 A0 00 04 00 72 00 0A 0C 00 10 02 80
08 03 84 00 00 04 14 40 9C 21 18 11 20 A4 40 00
00 06 40 20 10 20 01 10 02 88 01 05 C0 00 00 01
00 00 89 F0 E0 82 00 02 11 12 0A 14 0A 03 10 00
80 51 05 00 14 00 20 0C 18 48 12 00 C1 01 01 04
42 04 44 82 00 60 00 40 04 42 22 00 81 E8 00 0A
00 12 20 20 00 06 00 08 40 08 00 00 10 40 01 04
00 01 20 02 00 08 81 08 09 00 48 00 14 02 01 80
C8 00 00 10 00 01 C8 20 00 20 B0 10 00 21 80 09
02 00 40 01 A0 01 00 91 10 A0 00 00 12 40 10 80
1B 05 28 10 08 00 50 4C 00 00 30 00 C6 90 08 25
04 21 01 03 50 00 00 00 10 00 1A 48 00 45 10 22
04 80 16 20 42 29 10 40 04 26 20 08 00 C1 00 74
E4 24 12 11 50 48 00 80 29 04 00 40 00 40 00 00
0D 44 00 36 00 00 00 00 20 00 20 35 00 04 10 0A
08 00 00 38 01 40 01 12 82 09 01 80 06 00 84 22
82 49 00 49 05 40 00 01 40 00 00 31 02 70 A0 16
68 80 18 80 00 40 20 10 00 08 00 01 01 5A 05 10
01 02 00 83 00 03 40 82 50 20 00 12 08 10 00 20
10 00 00 04 20 20 16 00 04 12 40 00 18 26 88 60
02 08 14 00 24 00 04 00 54 09 02 08 09 02 00 51
00 01 00 2A 10 30 42 00 06 01 01 23 90 10 00 04
00 80 42 00 81 C0 00 80 28 28 00 00 80 2B 22 08
10 00 00 14 00 80 00 24 80 04 00 01 00 C0 00 02
02 0C 43 80 00 C2 00 04 02 00 40 42 80 42 03 48
00 81 10 40 16 00 44 18 84 04 0A 04 02 00 24 00
00 04 0B 00 01 10 80 00 40 02 01 40 18 00 08 80
88 A0 29 90 A1 80 00 08 00 00 0C 09 08 28 04 20
08 20 16 44 05 26 00 00 08 20 80 10 00 01 90 00
19 00 00 00 86 50 54 A0 40 22 80 52 00 12 01 04
10 00 08 00 00 A3 0D 00 04 00 09 80 08 03 00 85
02 30 08 30 02 00 48 18 00 08 00 16 82 14 20 50
10 81 18 02 00 00 48 02 48 00 08 00 48 81 60 20
70 00 00 00 41 00 14 00 20 40 00 90 00 05 00 06
00 00 81 74 00 08 08 38 50 00 41 80 40 C0 81 80
08 00 11 10 01 12 08 10 10 B4 00 40 49 00 03 00
08 10 08 1A 00 00 00 44 49 04 20 40 21 00 89 00
41 50 00 B8 81 48 0C 08 0A 01 0B 00 01 22 00 20
25 05 09 10 02 40 80 00 4C 0E 00 08 08 80 00 04
0A 4C 01 50 08 23 08 24 00 20 00 0C 00 C0 04 21
04 68 2C D4 20 10 65 60 00 12 18 09 12 00 08 00
08 08 80 00 01 20 11 01 41 02 40 00 E0 C4 66 34
E2 40 10 04 01 00 00 04 00 96 18 84 00 02 18 00
90 20 80 92 20 08 A4 08 01 80 04 02 0C 20 04 08
40 00 60 20 01 14 01 01 04 00 14 C0 04 80 20 0C
40 40 54 0C 94 02 40 03 40 00 40 82 03 B2 01 00
78 32 02 01 80 00 00 00 00 62 40 00 20 81 00 20
40 02 40 82 20 A2 06 19 00 70 8C 52 46 00 00 40
02 42 A2 00 10 01 0E 21 00 00 81 01 05 04 06 82
88 12 01 02 40 04 20 49 10 19 30 13 12 00 31 01
06 40 16 00 80 A4 09 28 B4 08 01 84 1A 80 08 00
20 09 00 00 A0 02 63 02 34 24 05 00 60 34 02 04
0A 00 00 00 82 42 82 02 00 01 90 00 04 00 4A 20
18 20 49 09 0C 09 00 01 04 02 9E 10 48 21 40 C9
01 98 09 80 08 41 29 00 33 00 54 40 01 81 00 80
81 00 02 0F D4 0D BC 43 40 40 03 08 00 90 00 08
00 90 00 81 01 33 00 40 10 20 18 01 00 0C 08 32
00 00 26 09 31 19 1A 08 00 08 10 08 12 00 83 05
18 A0 00 A2 40 00 08 89 20 0B 20 80 28 00 C9 02
00 06 81 28 80 50 C6 00 C0 80 04 00 00 10 80 C0
40 00 41 80 03 00 04 80 00 0C 18 20 02 45 01 00
C1 12 80 00 98 00 9C 10 00 00 10 A8 C0 80 00 02
40 40 00 40 06 00 24 00 42 00 40 A0 06 00 02 14
0C 40 02 00 00 04 08 00 80 80 00 60 10 00 1C 40
40 00 B0 32 81 40 00 40 20 00 10 40 28 15 40 84
F0 20 48 60 50 00 81 02 90 04 18 40 10 00 45 00
10 24 0C 61 20 03 40 02 4A 10 20 00 20 01 02 10
01 00 84 00 01 C0 00 00 88 00 08 40 02 15 80 00
10 11 00 08 00 41 46 C2 48 20 12 28 40 02 82 00
11 08 04 04 80 08 00 63 08 02 06 00 12 11 84 11
20 00 42 03 02 0A 00 43 C0 E0 84 10 20 A2 40 02
88 10 A0 00 04 21 00 00 80 48 85 80 03 22 02 02
00 04 06 40 2D 00 00 81 40 E4 04 98 20 00 48 0C
10 09 83 11 28 2D 00 84 02 00 22 20 20 28 00 00
32 04 00 45 38 48 21 00 20 00 01 02 08 20 A0 11
23 30 22 00 80 20 01 02 80 91 8C 00 20 78 10 80
04 02 00 40 0C 80 00 20 40 80 00 A4 00 A0 20 40
20 00 84 02 00 00 40 40 90 98 25 11 00 00 60 88
00 52 00 50 1C 10 90 0A 18 00 0C 20 02 00 02 00
00 40 40 00 08 00 98 00 20 20 88 14 B8 02 00 C1
85 44 0D 00 10 08 54 00 50 00 50 00 00 20 20 88
61 84 81 05 15 1B 85 08 00 24 26 30 1A 38 48 51
04 14 00 80 00 00 16 40 13 0E 14 00 60 80 10 09
14 02 04 00 00 00 00 80 00 41 00 18 43 00 00 80
80 08 21 02 00 00 00 14 50 03 0C 10 82 04 09 2E
00 00 80 C0 88 02 0A 20 00 81 00 20 00 89 82 41
80 00 02 41 CA 02 0A 10 C0 01 90 A6 84 41 21 11
60 48 02 00 A4 84 91 40 00 10 00 16 21 42 22 00
00 02 04 24 00 54 84 A0 10 88 11 00 09 0C 00 00
40 80 80 00 02 C8 08 02 0C 02 40 40 00 69 00 3C