20 30 8A 90 83 B1 0C 30 54 80 22 A2 02 F0 02 50
08 0E 04 00 20 02 02 48 00 27 20 05 20 00 49 00
40 08 20 0A 18 D2 81 08 80 8D 04 00 04 A1 01 44
23 40 02 00 10 00 08 04 20 40 08 01 04 22 02 10
44 0A 00 40 14 40 2C 00 43 87 80 20 00 04 80 02
82 10 84 40 00 60 80 62 88 00 00 0C 04 0E 00 80
51 10 40 00 01 04 49 1E 80 A0 29 24 18 40 02 22
C2 08 20 13 0C 20 40 08 00 48 00 00 20 40 05 20
85 22 24 01 22 16 13 41 13 24 00 04 14 31 24 22
00 20 00 00 00 01 60 10 20 08 02 00 93 50 06 08
0A 4C 18 08 84 09 04 A0 23 00 05 02 01 00 50 02
3C 42 12 01 20 10 20 14 20 00 00 00 12 00 0A 24
00 10 08 C0 E9 00 20 00 12 33 11 60 54 10 80 66
01 09 28 00 80 00 00 10 62 89 20 0A 92 20 B5 41
06 90 00 0A 00 04 60 00 02 08 68 A0 08 84 C0 40
00 01 02 00 60 00 28 02 28 52 40 30 48 05 00 01
08 C5 00 48 04 11 36 08 44 00 84 24 00 91 00 00
60 80 04 88 02 80 90 06 08 02 48 48 00 00 42 D2
00 00 00 81 20 00 21 04 D0 81 11 00 72 41 61 08
08 01 20 00 20 08 09 0C 16 C0 08 10 00 04 40 40
40 46 06 10 20 0C 01 50 01 80 00 00 01 39 24 38
84 24 41 08 40 90 0F 26 01 05 00 82 04 00 B1 A0
E0 09 00 0C 00 24 00 C4 05 A0 01 44 81 01 00 00
80 0A 00 28 00 85 C0 50 00 00 04 02 00 02 28 80
00 04 04 A0 20 20 44 02 21 00 00 00 04 40 20 40
32 04 08 00 19 50 00 55 01 00 02 82 11 08 00 04
01 0C 01 10 00 00 80 82 20 0A 24 00 74 80 54 00
80 C0 10 A0 10 24 10 50 21 26 00 00 00 04 00 80
00 10 09 08 0C 0E 29 02 01 00 A5 20 40 0A 00 03
02 10 05 A4 80 31 02 00 04 10 02 48 22 00 00 42
00 00 00 08 0C 00 84 80 0C 02 30 00 00 00 20 02
00 88 00 21 20 01 04 0C 12 20 80 14 20 00 20 21
00 00 40 04 20 82 20 00 03 80 64 00 02 00 00 10
90 01 A0 01 00 64 90 98 04 A0 04 80 18 90 08 00
40 84 00 01 40 50 80 10 00 C0 00 80 40 00 80 00
88 28 22 88 25 88 00 40 02 81 20 20 30 10 20 22
20 20 08 10 04 0A 8B 00 0C 96 18 80 48 04 50 15
20 03 28 02 A0 00 04 00 72 00 02 08 00 10 06 80
08 03 84 00 00 04 14 41 9C 21 18 11 20 A4 40 00
00 06 40 20 10 20 01 10 02 88 01 05 C0 00 00 01
00 00 89 D1 C1 82 01 02 13 12 0A 14 0A 03 10 00
80 50 0D 00 14 00 20 00 18 48 12 00 81 01 01 04
42 04 44 C2 00 60 00 40 04 42 22 01 81 EA 00 0A
00 12 20 30 00 06 00 08 40 08 00 00 10 44 01 14
00 01 20 02 00 00 81 08 18 10 40 00 14 02 01 80
C8 00 00 10 00 01 C8 20 00 20 B0 10 00 A1 80 08
02 00 40 45 A0 05 00 51 90 B0 00 40 12 40 10 00
0B 05 28 10 08 00 52 48 02 00 30 00 C6 90 08 25
06 00 09 03 40 00 00 00 10 00 1A 48 00 45 00 23
04 80 16 20 02 29 10 40 04 26 20 08 00 C1 00 74
E4 20 12 10 50 48 00 80 29 04 00 40 00 40 00 00
0D 44 00 36 00 00 00 00 20 00 20 35 00 04 10 0A
18 00 00 38 00 40 01 12 82 19 01 80 06 00 84 A2
82 49 00 49 05 40 00 01 40 00 00 31 82 70 A0 16
68 80 18 80 00 40 20 10 00 08 00 01 00 5A 04 00
01 02 20 83 00 03 40 82 50 20 00 12 18 00 00 28
10 00 04 04 30 20 16 20 14 12 40 00 10 26 08 60
02 08 14 00 2C 00 04 08 54 09 12 08 08 02 00 51
80 01 00 2A 10 30 40 00 06 01 01 23 90 10 20 04
00 80 02 00 81 C0 00 80 28 28 00 00 80 0B 24 08
10 04 00 14 00 80 00 24 80 04 00 05 00 C0 40 00
02 0C 43 80 00 C2 00 04 42 00 00 02 80 42 03 48
00 81 10 40 07 00 44 18 84 04 0A 04 03 00 24 10
00 04 4B 00 01 14 80 00 40 02 01 40 18 80 08 80
88 A0 29 90 A1 89 00 08 00 20 0C 09 48 28 04 20
08 20 16 64 05 26 00 00 08 20 80 10 04 41 90 00
19 00 00 00 86 11 54 A0 00 22 80 52 00 12 01 24
10 00 08 20 00 A3 0D 20 04 00 09 80 08 03 00 84
02 30 08 30 02 00 4A 18 00 08 00 96 02 14 20 54
10 81 88 00 40 00 09 02 48 00 08 00 48 81 60 20
70 00 00 00 40 00 14 00 01 C0 00 92 00 05 00 06
00 00 81 64 00 08 08 38 10 01 41 80 41 C0 81 80
08 00 18 10 01 12 08 10 10 F4 00 40 49 00 03 08
08 10 0C 1A 00 00 00 04 49 04 20 40 21 00 A9 00
41 10 00 B8 83 48 0C 08 0A 01 0B 01 01 22 00 20
2D 15 09 18 03 40 20 00 4C 0C 00 08 08 80 00 04
0A 4C 01 50 08 03 08 25 00 A0 00 0C 00 80 04 21
00 78 2C D4 20 10 65 61 00 52 18 09 12 00 08 00
28 08 80 00 03 00 11 01 41 02 40 40 E0 C4 74 34
E2 40 50 08 01 00 00 04 00 96 19 C4 00 06 1C 00
90 20 80 92 20 08 B4 C8 03 80 0C 02 0C 21 00 88
40 00 60 20 01 15 05 01 05 01 04 C0 04 80 20 1C
40 40 54 0C 90 02 44 03 40 00 40 82 03 B2 10 00
F8 32 02 01 80 00 00 40 01 62 00 02 20 81 00 20
40 02 40 82 20 A2 06 19 00 70 0C 50 46 00 20 40
42 42 A2 00 00 01 4E 21 00 00 01 11 05 44 07 82
88 02 01 02 40 04 20 49 10 19 30 13 12 00 31 01
02 40 16 00 A0 A4 09 28 B4 08 01 84 1A 80 48 00
20 01 00 00 A0 02 73 02 34 24 45 00 60 34 02 04
0A 40 00 00 82 4A 82 22 00 01 90 00 04 20 0A 20
08 20 49 49 0C 09 00 01 05 02 9E 50 48 21 40 C9
01 98 09 80 08 41 29 00 33 04 54 40 09 81 00 80
C1 00 02 0B D4 0D 3C 01 40 40 03 08 00 90 00 08
22 90 00 81 01 33 00 40 10 20 18 01 00 0C 28 32
00 00 36 09 31 19 1A 08 00 08 10 C9 12 04 93 05
58 A0 00 82 40 08 08 88 20 0B 30 80 28 00 C9 02
00 06 81 28 81 10 C6 00 C0 80 0C 00 00 10 80 C0
40 00 45 80 03 40 04 80 00 04 18 20 02 45 01 00
C1 12 80 00 98 00 9C 10 00 00 58 A8 C0 80 01 42
40 40 00 40 06 00 24 00 42 00 40 E4 16 00 02 54
0C 40 02 00 00 04 08 00 80 80 04 60 10 00 1C 40
40 00 B0 32 81 40 02 40 20 00 10 50 28 15 40 84
F0 21 48 60 50 00 81 02 91 0C 18 40 10 00 45 00
10 24 0C 61 20 03 C0 02 4A 12 20 42 20 01 02 10
01 00 80 00 01 C0 00 00 88 04 0C 40 02 11 80 00
10 11 00 80 00 41 47 82 48 20 12 28 40 02 82 00
11 00 04 04 80 08 00 63 08 0A 06 00 12 11 84 11
20 00 42 03 02 0A 00 C1 C0 E0 84 10 20 A3 40 02
88 10 A0 00 00 21 00 00 80 48 85 A0 03 02 02 02
00 04 06 40 25 00 00 81 40 E4 06 98 20 00 48 0E
10 09 82 10 28 2D 00 94 02 00 22 20 20 28 00 00
32 00 00 41 38 49 21 00 20 00 01 02 08 20 A2 11
22 30 22 00 90 20 01 02 88 91 CC 00 20 68 10 80
04 02 02 40 0C 80 00 20 40 80 00 34 00 A0 20 C0
A0 00 80 02 00 00 40 40 90 98 24 11 00 00 60 80
00 52 00 50 0C 10 90 0A 18 40 0C 20 02 00 82 00
00 40 40 00 08 00 98 40 20 20 00 14 B8 82 00 C1
85 44 2D 00 10 08 56 00 50 00 50 00 02 20 22 88
6B 84 81 05 15 1B 85 08 00 28 26 18 1A 38 48 41
04 14 00 82 00 00 16 40 13 8E 14 00 40 80 10 09
14 06 04 00 00 10 00 80 80 41 00 18 43 00 00 80
C0 08 21 02 00 00 00 14 50 03 0C 10 82 14 08 0E
00 00 80 C0 88 02 0A 20 00 81 00 30 00 89 82 41
80 00 02 41 CA 02 0A 10 00 01 80 26 84 43 21 11
20 48 06 00 A4 84 81 40 00 30 00 16 21 42 22 00
00 00 04 24 00 50 84 A0 10 8C 11 00 09 0C 00 00
00 80 00 00 02 48 08 42 0C 02 00 C0 00 69 00 3C