28 30 8A 90 83 B1 04 30 50 82 02 A2 02 D0 02 50
08 0E 04 00 20 02 02 48 00 27 20 05 20 00 49 00
40 08 20 1A 18 D2 01 08 80 8C 00 00 04 A1 00 45
23 40 02 00 10 00 28 04 20 40 08 00 00 22 02 10
44 0A 00 40 14 40 24 00 43 83 80 20 00 14 80 02
82 30 84 40 00 62 80 62 88 00 00 0C 04 0E 00 80
79 10 40 00 01 04 49 1C 80 80 29 24 18 40 02 02
C2 08 20 11 08 20 40 08 00 48 00 00 20 40 05 20
85 22 24 81 22 16 13 41 13 24 00 04 10 31 24 22
00 00 40 00 00 01 60 08 20 08 00 00 03 50 06 00
0A 04 18 08 84 09 04 80 23 00 05 02 01 00 40 00
0C 42 02 01 20 10 20 14 28 00 00 00 12 40 0A 24
00 10 08 C0 29 00 00 00 12 13 41 40 54 10 80 66
01 09 28 00 80 08 04 10 E2 89 00 0A 92 22 D5 41
06 10 00 0A 00 04 64 00 02 08 68 A0 08 84 C0 40
04 11 00 00 20 00 28 02 28 52 40 30 48 0D 00 01
08 C5 00 48 04 10 36 08 C4 00 84 24 00 91 02 00
60 80 04 88 02 00 10 02 08 02 48 48 00 00 42 D2
04 00 04 81 20 00 01 04 C0 81 11 00 72 41 61 08
08 01 20 00 20 08 01 0C 14 C0 08 10 00 04 40 40
40 44 06 10 20 0C 01 50 05 80 00 00 01 39 24 28
84 25 41 08 40 90 0F 06 01 05 00 02 00 00 B1 20
E0 09 00 0C 10 24 00 C0 05 A0 01 4C 81 01 04 00
80 0A 00 28 10 85 C0 70 00 00 04 02 01 02 08 80
00 04 04 A0 20 20 44 02 21 00 00 00 04 40 20 40
32 04 00 00 19 50 00 55 01 00 06 86 11 08 00 04
02 0C 00 10 00 00 80 82 20 0A 24 00 10 80 14 00
80 C0 10 A0 00 24 10 50 21 24 00 00 00 04 00 80
00 10 0A 08 2C 0A 29 02 01 80 A5 20 C0 0A 00 03
02 00 05 A4 80 31 02 00 04 10 02 40 22 00 00 40
00 00 00 08 0C 08 84 80 0C 82 30 00 00 00 20 02
02 88 00 21 20 01 00 0C 12 20 80 50 20 00 20 21
00 00 40 04 20 82 20 00 03 80 64 00 02 00 00 10
90 01 A0 01 00 64 90 98 04 A0 00 80 18 90 08 01
40 84 00 01 40 51 80 10 00 C0 00 80 40 00 00 00
88 28 32 88 25 88 00 40 02 81 28 00 30 10 20 22
20 20 08 10 04 0A 8B 10 0C 96 18 80 40 04 50 17
20 01 28 02 A0 00 04 00 72 00 02 0C 00 10 02 80
08 03 84 00 00 04 14 40 9C 21 18 11 20 24 40 00
00 06 40 22 00 20 01 10 02 88 01 25 C4 00 00 05
00 00 C9 F1 C0 82 01 02 03 12 0A 14 0A 03 10 00
80 50 05 40 14 00 20 00 18 48 16 00 81 01 01 04
02 04 44 C2 00 60 00 40 04 42 22 00 81 CA 00 02
00 12 20 20 00 06 00 08 40 08 00 00 10 44 01 04
00 00 20 02 00 00 81 08 19 10 4A 08 14 02 01 80
C8 00 00 10 00 01 C8 20 00 20 B0 10 00 20 81 08
02 00 C0 01 A0 03 08 53 10 B0 00 40 12 40 10 00
0B 05 28 10 08 00 50 48 00 00 30 00 C6 90 08 25
04 20 29 03 40 00 00 00 10 08 1A 48 00 45 00 23
00 80 16 00 42 29 10 40 04 26 20 09 00 C1 00 74
E4 20 52 00 50 48 00 80 29 04 20 40 00 40 00 00
0D 44 00 36 00 00 00 00 20 04 20 31 00 04 10 0A
08 00 00 38 01 40 01 13 82 09 01 80 02 00 84 A2
82 49 04 49 05 40 00 01 40 00 00 31 02 70 A0 16
68 80 18 80 00 40 20 10 00 08 00 01 01 42 05 00
01 02 00 83 00 03 C0 92 50 20 00 12 18 00 00 28
10 00 04 04 30 20 16 00 04 02 40 00 10 86 88 60
00 00 14 00 2C 00 00 42 50 09 10 08 08 02 00 51
80 01 00 2A 10 32 40 00 06 01 01 23 90 10 20 04
00 80 43 00 81 C0 00 80 28 28 00 80 80 0B 24 08
10 00 00 14 00 80 00 24 80 04 00 05 00 E0 00 00
02 0C 43 80 00 C2 00 04 42 00 00 02 81 42 03 48
00 81 10 40 17 00 44 18 84 04 0A 04 02 00 24 00
00 04 0B 00 01 10 80 00 40 00 00 40 18 84 08 80
88 A4 29 90 A1 84 00 08 00 00 0C 09 00 28 04 20
00 20 16 64 05 26 00 00 00 20 80 10 04 41 90 00
19 00 00 00 86 11 54 A0 00 22 80 52 00 12 01 04
10 00 08 00 40 A3 0D 20 04 00 09 80 08 03 00 85
00 20 08 30 02 00 4A 18 00 08 00 96 02 14 20 D0
10 C1 98 00 00 00 08 02 48 10 00 00 48 81 60 20
70 00 00 00 40 00 14 00 00 40 00 82 00 04 00 06
00 00 81 64 00 00 08 38 50 01 41 80 40 C8 81 80
08 00 08 10 01 12 08 10 10 F4 00 40 49 00 03 0C
08 10 08 1A 00 00 00 04 49 04 20 40 21 00 81 00
41 10 00 B8 81 48 0C 08 0A 01 09 00 01 22 00 20
25 05 09 18 03 40 00 00 44 0C 00 08 08 00 00 04
0A 4C 01 50 08 23 08 24 00 A0 00 0C 00 C0 04 21
04 68 2C 54 20 10 65 61 00 52 18 01 12 00 08 20
08 08 80 10 02 00 11 01 40 00 40 00 E0 E4 74 30
E2 40 50 0C 01 00 00 04 00 96 18 84 00 06 1C 00
90 20 80 92 20 08 A4 48 02 80 04 02 0C 21 04 88
40 00 60 20 01 14 05 00 04 00 04 C0 04 80 20 0C
60 40 54 0C 90 02 44 03 40 00 40 82 03 B2 01 02
F8 32 02 21 80 00 00 40 00 42 00 00 20 81 00 00
40 02 40 82 20 82 02 19 00 30 0C 50 46 00 20 40
42 40 A2 00 00 01 4C 21 00 00 01 01 05 04 06 82
88 02 41 00 40 04 20 49 10 19 30 33 12 00 31 01
02 40 16 00 A0 A4 09 A8 B4 08 01 80 1A 80 08 00
20 01 00 00 A0 02 73 02 34 24 65 00 60 34 02 04
0A 40 00 00 82 42 82 02 00 05 90 00 04 60 00 20
18 20 49 49 0C 09 00 01 04 02 9E 10 48 21 40 C9
00 98 09 80 08 01 28 00 33 04 14 40 01 81 00 80
81 00 02 0F D4 0D 3E 03 40 40 03 01 00 90 00 18
20 90 00 81 01 23 00 40 10 00 18 01 00 0C 08 32
00 02 36 09 31 19 1A 08 00 08 10 89 12 04 93 05
08 A0 00 A2 40 00 08 88 20 0B 20 80 28 00 C9 02
00 06 80 28 00 10 C6 00 C0 80 04 00 00 10 80 C0
40 00 45 80 03 60 04 80 00 04 18 20 02 45 01 00
C1 12 80 00 98 00 9C 10 00 00 18 A8 C0 80 01 22
40 40 20 60 06 00 24 00 42 00 00 A4 16 10 02 14
0C 40 02 00 00 04 08 00 80 C0 04 60 10 00 1C 40
40 00 B0 32 81 40 00 40 20 00 10 40 68 15 40 84
F0 21 48 60 50 00 A1 02 91 0C 18 40 10 00 45 00
10 24 08 71 20 03 40 02 4A 12 00 40 20 00 02 10
21 00 80 00 01 C0 00 00 88 04 08 40 00 15 80 00
10 11 00 88 00 41 47 82 48 20 12 24 40 02 86 00
11 00 04 44 80 00 00 63 08 0A 06 00 12 11 84 11
20 00 42 03 02 0A 01 C3 C0 A0 84 10 20 A2 40 02
80 10 A0 00 04 21 00 00 80 48 85 A0 03 22 02 02
00 04 06 40 2D 00 00 81 40 E4 06 98 01 00 48 0C
10 09 82 11 28 2D 00 84 02 00 22 20 20 38 00 00
32 00 00 41 18 48 21 00 20 00 01 82 08 20 A0 11
23 30 22 00 90 20 01 02 80 90 8C 00 20 68 10 80
04 02 00 40 0C 80 00 20 40 80 00 30 20 A0 20 40
A0 00 80 02 00 00 40 40 90 98 04 11 00 00 E0 88
00 50 00 50 0C 10 90 0A 18 40 0C 20 02 00 82 00
00 41 40 00 08 00 98 00 20 20 00 14 B8 02 00 C1
85 44 2D 00 10 08 54 00 50 00 70 00 00 20 22 8C
69 84 01 05 15 1B 85 08 00 20 26 30 1A 38 08 11
04 14 00 82 00 00 16 40 13 0E 14 08 40 80 10 08
14 02 04 00 00 00 00 80 80 41 40 18 43 00 00 80
80 08 21 02 00 00 00 14 50 03 0C 00 82 00 09 0E
00 00 80 C0 88 02 0A 20 00 81 02 30 00 89 82 41
80 00 02 41 CA 02 0A 10 40 01 80 26 84 41 21 11
20 48 06 00 A4 84 91 40 00 10 01 16 21 42 22 00
00 02 04 24 00 54 84 A0 30 88 11 20 09 0C 80 00
10 80 80 00 02 C8 08 00 0C 02 40 40 00 69 00 3C