20 20 8A 90 02 31 04 30 50 82 22 A2 02 F0 02 50
08 0E 04 00 24 02 02 48 00 27 20 05 20 02 49 00
40 08 20 1A 19 D2 01 08 80 8D 00 00 04 A1 00 44
23 40 02 00 10 00 28 04 20 40 08 01 00 22 02 10
44 00 00 40 14 40 2C 00 43 83 80 20 02 14 80 02
82 10 80 40 00 60 80 62 88 00 00 0C 04 0E 00 80
51 10 40 00 01 04 49 1E 80 A0 2D 24 18 40 00 02
C2 08 20 11 0C 20 40 08 00 48 00 00 20 40 05 20
8D 22 2C 01 22 16 13 41 13 24 00 04 14 31 24 22
00 00 40 00 00 01 60 18 20 08 02 00 02 50 06 00
0A 0C 18 08 84 09 04 00 23 00 05 02 01 00 41 00
0C 42 22 01 22 10 20 14 28 00 00 00 12 00 0A 24
00 10 08 C0 69 00 20 00 12 33 11 40 54 10 80 66
01 09 28 00 80 00 00 10 22 89 00 02 92 20 B4 41
06 14 00 08 00 04 60 00 02 08 68 A0 08 84 C0 00
04 01 00 00 20 00 08 02 28 52 40 10 48 09 00 01
08 C5 00 48 04 10 36 08 C4 00 84 24 00 91 00 00
60 80 04 88 00 80 10 02 08 02 48 48 04 00 42 D2
00 00 00 81 20 00 21 04 D0 81 11 00 72 41 61 08
08 01 00 00 20 08 09 1C 1C C0 08 10 00 04 40 40
40 44 06 10 20 0C 01 50 01 80 00 00 01 39 24 28
84 25 41 08 40 80 0D 06 01 05 00 02 04 00 B1 A0
E0 08 00 0C 00 24 00 C4 05 A0 01 4C 81 01 44 00
84 0A 00 28 80 85 C0 70 20 00 04 42 01 02 28 80
00 04 04 A0 20 20 44 02 20 08 00 00 00 40 20 40
12 04 00 00 18 50 00 51 11 00 02 02 11 08 00 04
00 0C 00 10 00 00 90 82 20 08 24 00 34 80 54 00
80 C0 10 A0 00 24 10 50 21 26 00 02 00 04 00 80
00 10 0B 09 0C 0B 29 02 01 00 A1 20 40 0A 00 03
02 00 05 A4 80 B1 02 00 04 10 0A 48 02 00 00 40
00 00 00 08 0C 08 84 80 0C 02 30 00 00 00 20 06
00 88 00 21 20 01 04 0C 12 20 80 14 20 00 20 21
00 00 40 00 20 82 20 00 03 80 44 00 02 00 00 10
90 01 A0 01 80 24 90 98 04 A0 04 80 18 90 08 01
40 85 00 01 40 51 80 10 00 40 00 80 40 00 80 00
88 28 22 88 24 88 00 40 02 81 20 00 30 10 20 22
20 20 00 10 0C 0A 8B 10 0C 96 18 A0 48 04 50 17
20 01 28 02 A0 00 04 00 72 00 00 08 00 10 02 80
08 03 80 00 00 04 14 41 9C 21 18 11 20 24 40 00
00 06 40 20 10 20 01 10 02 88 01 24 C4 00 00 01
02 00 C9 F0 E0 82 00 02 13 12 0A 14 02 03 10 00
80 50 05 10 14 00 20 00 18 48 12 00 81 01 01 04
02 04 44 C2 00 60 00 40 04 42 22 01 81 6A 00 0A
00 12 20 20 00 06 00 08 40 08 00 00 00 44 01 04
00 01 20 02 00 00 81 08 18 10 40 00 14 02 01 00
C8 00 00 10 00 01 C8 00 00 20 B0 10 00 20 80 08
02 20 C0 01 A0 01 08 11 90 B0 00 40 10 40 10 00
0B 05 28 10 08 00 50 48 00 00 30 00 C6 90 08 25
04 21 01 02 50 00 00 00 10 00 1A 48 00 44 00 23
00 80 16 20 02 29 10 40 04 26 20 09 40 C1 00 74
E0 20 12 00 50 48 00 80 29 04 20 40 00 40 00 00
0D 44 00 36 00 00 00 00 20 00 20 35 00 04 10 0A
08 00 00 38 00 40 00 13 82 19 01 80 06 00 84 22
82 49 00 49 05 40 00 01 40 00 00 31 02 F0 A0 16
68 00 19 80 00 40 20 10 00 08 00 01 00 52 25 00
01 02 20 83 00 03 40 82 40 20 00 12 1A 00 00 20
10 00 04 04 30 20 16 00 04 12 40 00 98 26 88 60
02 00 14 00 24 00 04 00 50 09 10 08 08 02 00 51
00 01 00 2A 10 30 42 00 06 01 00 23 90 10 00 00
00 80 03 00 81 C0 00 80 28 20 00 80 80 0B 60 08
10 00 00 14 04 80 00 26 80 04 00 05 00 C0 00 02
02 0C 43 80 00 C2 00 04 00 00 00 42 80 42 03 48
00 81 10 40 06 00 44 18 84 04 0A 04 02 00 A4 10
00 04 0B 00 01 10 80 00 40 00 01 40 18 00 08 80
88 A4 29 90 A1 81 08 08 00 20 04 09 00 28 04 20
08 20 16 44 05 06 00 00 00 20 80 10 04 41 90 00
19 00 00 00 86 11 54 A0 00 22 80 52 00 12 01 04
10 00 08 00 40 A3 05 20 04 00 09 80 08 03 00 05
02 20 08 30 02 00 4A 18 00 18 00 96 02 34 20 D0
10 41 98 00 40 00 08 02 48 10 08 00 48 81 60 20
70 00 00 00 40 00 14 00 00 40 00 92 00 04 00 06
80 00 81 44 00 00 08 38 50 00 41 80 40 C0 81 80
08 00 10 14 01 12 08 10 10 F4 00 40 49 00 03 0C
08 01 08 18 00 00 00 44 49 04 00 40 21 00 A9 00
41 10 00 98 81 48 0C 08 0A 01 09 00 01 22 10 20
2D 15 09 10 03 40 00 00 4C 0C 00 08 08 00 00 04
0A 4E 01 50 08 01 08 A4 00 A4 00 0C 00 C0 04 21
00 68 2C 54 20 10 45 60 00 52 18 89 12 00 08 20
28 08 80 00 02 00 11 01 40 02 40 00 E0 C4 74 34
E2 40 10 0C 01 00 00 04 00 96 19 84 00 06 1C 00
90 20 C0 92 20 08 B4 88 03 80 04 02 0C 20 04 A8
40 00 20 00 03 14 01 01 04 01 04 C0 04 80 20 0C
40 40 54 0C 90 02 44 03 40 00 40 82 03 B2 01 00
F0 32 02 01 80 00 02 00 01 62 00 00 20 81 00 20
40 02 44 82 20 82 06 19 00 70 0C 50 42 00 20 40
42 40 A2 00 00 01 0E 21 00 00 01 01 05 04 06 82
88 10 41 02 40 04 20 49 10 19 30 13 12 00 31 01
02 40 16 00 80 A4 09 28 B4 08 01 84 1A 80 48 00
20 01 00 00 A0 02 63 02 34 24 65 00 60 34 02 04
0A 00 00 00 82 42 82 02 00 01 90 00 00 60 0A 20
18 20 49 49 0C 09 00 01 04 02 9E 10 48 21 50 C9
01 98 09 80 08 41 29 00 33 04 54 40 01 81 00 80
81 00 0A 0B D4 0D BA 41 40 40 03 08 00 90 00 08
22 90 00 81 01 23 00 40 10 00 18 01 00 0C 28 32
00 02 26 09 31 19 1A 08 00 08 00 89 12 00 93 05
58 A0 00 A2 40 00 08 88 00 0B 30 80 28 00 C9 02
02 06 80 28 00 10 C6 00 C0 80 04 00 00 10 80 C0
40 00 41 80 03 C0 04 80 00 04 18 20 02 45 01 00
C1 12 90 00 98 00 9C 10 00 00 10 A8 80 80 01 02
40 40 00 40 06 00 24 00 42 00 00 E4 06 10 02 14
0C 40 02 00 00 04 08 00 80 C0 00 41 10 40 1C 40
40 00 B0 32 83 40 00 42 20 00 10 40 68 15 40 84
F0 21 48 60 50 00 81 02 10 04 18 40 10 00 05 00
10 24 08 61 20 13 40 02 4A 12 20 40 21 01 02 10
21 00 84 00 01 C0 00 00 A8 00 00 40 00 11 80 00
10 11 00 08 00 40 47 86 48 20 12 28 40 02 82 00
10 00 04 04 80 00 00 23 08 0A 06 00 12 11 84 01
20 00 42 03 02 0A 00 C3 C0 A0 84 10 20 A2 40 02
80 10 A0 00 00 21 08 00 80 48 85 80 03 22 02 02
00 04 06 40 2D 00 00 81 40 E4 06 98 21 00 48 0C
10 09 83 11 28 2D 00 84 02 00 22 00 20 28 00 00
32 04 00 41 38 49 21 00 20 00 01 02 08 20 A0 11
23 30 22 00 90 20 01 02 80 91 8C 10 20 68 14 80
04 06 00 40 0C 80 00 20 40 80 00 B4 00 A0 20 40
A0 00 80 02 00 00 40 00 91 98 24 11 00 00 60 88
00 50 00 50 0C 10 90 0A 18 40 0C 20 02 00 02 00
00 00 40 00 08 00 98 00 30 20 80 14 B8 82 00 C1
85 44 2D 00 10 08 54 00 50 00 70 00 00 20 20 88
69 84 81 05 15 1B 85 08 00 20 26 30 1A 38 08 41
04 14 00 82 00 00 16 40 13 0E 14 00 20 80 10 09
14 06 40 00 00 00 00 80 80 40 40 18 43 00 00 80
80 08 21 02 00 00 00 14 50 07 0C 00 82 04 09 0E
00 00 80 C0 88 02 0A 20 00 81 00 30 00 09 82 41
90 00 02 41 CA 02 0A 10 40 01 80 A6 84 41 21 31
20 48 06 00 A4 84 91 40 00 10 00 16 21 42 20 00
00 02 84 04 00 50 84 A0 00 88 11 00 09 0C 00 00
48 80 00 00 02 08 08 02 0C 02 00 C0 00 69 00 3C