00 30 8A 90 03 B1 0C 30 04 82 22 A2 22 B0 22 50
08 0E 04 00 00 02 02 48 00 27 20 45 20 00 49 00
40 08 20 0A 18 D2 81 08 88 8D 04 00 04 A1 01 44
23 40 02 00 10 00 28 04 20 40 08 00 00 22 02 10
44 88 04 40 14 40 24 00 43 83 80 20 00 04 80 02
82 10 80 40 00 60 80 62 88 00 00 8C 04 06 00 80
59 10 40 00 01 04 48 1E A0 A0 29 24 18 60 00 00
C2 08 20 13 08 20 40 08 00 48 00 00 20 40 05 20
85 22 24 01 22 16 13 41 13 25 00 04 10 31 24 22
00 20 40 00 00 01 60 08 20 08 02 00 83 50 06 00
0A 0C 19 08 84 29 04 A0 22 00 05 02 00 00 40 00
3C 42 22 01 20 10 20 14 28 00 00 00 12 00 0A 24
00 10 08 C0 69 00 20 00 12 33 01 E0 54 10 80 66
00 09 28 00 80 00 00 10 22 89 20 02 92 20 95 C1
06 94 00 08 00 04 40 00 02 08 68 A0 08 84 C0 00
00 01 00 00 60 00 08 02 28 52 40 30 48 05 00 01
00 C5 00 48 00 10 36 08 44 00 84 24 00 91 02 00
60 80 04 88 02 00 10 06 08 02 48 48 04 00 42 D2
00 00 04 81 20 00 01 04 D0 81 11 00 52 41 61 08
08 01 20 00 20 00 01 4C 1C C0 08 10 00 04 40 40
40 46 06 10 20 0C 01 50 01 80 00 00 01 39 24 28
84 24 41 08 40 90 0B 06 01 05 00 02 00 00 B1 A0
E0 09 00 0C 10 24 00 C4 05 A0 00 44 81 01 44 00
80 0A 00 28 10 81 C0 70 00 00 04 02 01 02 08 80
00 24 04 A0 20 20 44 02 23 08 00 00 00 40 20 40
32 06 08 00 58 50 00 55 01 00 02 02 11 08 00 04
02 0C 00 10 00 00 80 82 20 0A 24 00 70 80 54 00
80 C0 10 A0 10 24 10 50 21 06 02 00 00 04 04 80
00 10 09 08 0C 0B 29 02 00 00 A4 20 40 0A 00 03
02 00 05 A4 80 B1 02 00 04 10 0A 40 22 00 00 40
00 00 00 08 04 08 84 80 0C 82 30 00 00 00 20 06
00 88 00 21 2C 01 04 04 16 20 00 04 20 00 20 21
00 00 40 00 20 82 20 00 01 80 44 00 02 00 00 10
90 01 A0 01 00 6C 90 98 06 A0 00 80 18 90 08 00
40 85 00 01 40 51 80 10 00 C0 00 80 40 00 80 00
88 28 22 80 25 88 00 40 02 81 20 00 30 10 20 22
20 20 00 10 04 0A 8B 00 0C 96 18 80 40 04 40 16
20 01 28 02 A0 00 04 00 72 00 02 0C 00 10 02 80
08 03 8C 00 00 04 14 40 9C 21 18 11 21 24 41 00
00 06 40 00 00 20 00 10 02 88 01 05 C4 00 00 01
00 00 89 F0 E0 82 00 02 03 12 0A 14 0A 03 10 00
80 51 0D 40 14 00 20 0C 18 48 16 00 81 01 01 04
42 04 44 C2 00 60 00 40 04 42 22 00 81 EA 00 02
00 12 20 30 02 06 00 08 40 08 00 00 00 40 01 14
00 00 20 02 01 00 81 18 08 10 40 00 04 00 01 80
C8 00 00 10 00 01 C8 00 00 00 B0 10 00 21 80 09
02 20 C0 21 A0 01 00 51 10 A0 00 00 12 40 10 00
0B 05 28 10 08 00 50 48 00 00 30 00 46 90 08 25
04 20 29 03 50 00 00 00 10 08 1A 48 00 45 10 23
00 80 16 00 02 A9 10 40 04 26 20 09 40 C9 00 74
E4 20 12 10 40 48 00 80 29 04 20 40 00 40 00 00
2D 44 00 36 00 00 00 00 20 00 20 11 00 04 10 0A
08 02 00 38 00 40 00 13 82 09 01 80 06 00 84 22
82 49 00 49 05 50 00 01 40 00 00 31 02 70 A0 16
68 80 18 80 00 40 20 18 00 08 00 00 01 52 04 00
01 02 20 83 00 23 40 92 50 20 00 12 0E 00 00 20
10 00 00 04 20 20 16 00 04 02 40 00 18 22 88 60
02 00 04 00 2C 00 04 08 54 09 02 08 08 02 00 51
80 01 00 2A 10 38 42 00 06 01 01 23 90 10 00 00
00 80 42 00 81 D0 00 80 28 28 40 00 80 0B 24 08
10 00 00 14 00 80 00 24 00 04 00 05 00 C0 00 00
02 08 43 80 00 C2 00 04 40 00 00 42 80 42 11 48
00 81 10 40 07 00 44 18 84 04 0A 04 03 00 24 00
00 04 0B 00 01 14 80 00 40 02 01 40 18 84 08 80
88 A4 29 90 A1 80 00 08 00 00 04 09 00 28 04 20
00 20 16 44 05 26 00 00 08 20 80 10 04 01 90 00
19 00 00 00 86 11 54 A0 00 22 00 52 00 12 05 04
18 00 08 00 40 A3 0D 20 04 00 09 80 08 03 00 84
00 30 08 30 02 00 4A 18 00 08 00 16 02 14 20 50
10 81 98 00 00 00 09 00 48 00 00 01 48 81 60 20
70 00 00 00 40 00 14 00 00 40 00 90 00 05 00 06
80 00 81 44 00 08 08 38 10 00 41 80 40 C0 81 80
08 00 10 10 01 12 08 10 10 F4 00 40 49 00 03 00
08 10 08 1A 00 00 00 04 49 04 20 40 21 00 A9 00
41 10 00 B8 81 48 0C 08 0A 01 09 20 01 22 10 20
25 15 09 10 03 40 00 00 4C 0C 00 08 08 84 00 04
0A 4E 01 50 08 23 08 24 00 A4 00 4C 00 C0 04 21
04 48 2C 54 20 10 65 60 00 52 18 09 12 00 08 00
28 08 90 10 03 00 11 01 41 02 40 00 E0 C4 74 34
E2 40 50 08 05 00 00 04 00 96 18 84 00 06 1C 00
90 20 80 92 20 08 B4 C8 03 80 04 02 0C 20 04 88
40 00 E0 20 01 14 01 00 04 00 04 C0 04 88 20 0C
40 40 54 0C 90 02 40 03 40 00 40 82 03 B2 01 02
70 32 02 21 80 00 00 40 00 62 00 00 20 81 00 20
40 02 40 82 20 82 06 19 00 30 0C 50 46 00 20 40
42 42 A2 00 00 01 4E 21 00 00 09 01 05 04 06 82
08 10 01 02 40 04 28 49 10 19 30 33 12 00 30 01
02 40 16 00 80 A4 09 28 B4 08 01 84 1A 80 08 00
20 01 00 00 A0 00 63 02 34 24 45 00 20 34 02 04
0A 40 00 00 82 42 82 22 00 01 90 00 04 60 4A 20
18 20 48 09 0C 09 00 01 04 02 9E 10 48 21 40 C9
00 98 09 80 08 01 20 00 33 00 74 40 09 81 00 80
81 00 02 0B D4 0D 3E 01 44 40 03 08 00 90 00 18
20 90 08 81 01 23 00 40 00 00 18 01 00 0C 28 32
00 00 36 19 31 19 1A 08 00 08 00 89 12 04 93 05
18 A0 00 A2 40 00 08 88 00 0B 20 80 28 00 C9 02
00 06 80 28 00 10 C6 00 C0 80 04 00 00 10 80 C0
00 00 41 80 03 60 04 80 00 0C 18 20 02 45 01 00
C1 12 80 00 98 00 9C 10 00 00 50 A8 C0 80 01 62
40 40 20 40 02 00 24 00 02 00 40 E4 16 00 02 14
0C 40 06 00 00 04 08 00 80 C0 00 60 10 40 1C 40
00 00 90 32 81 40 02 40 22 00 00 40 28 15 40 84
F0 21 48 60 50 00 A1 02 10 0C 18 40 10 00 05 00
10 26 0C 61 20 43 40 00 4A 10 20 40 20 00 02 10
20 00 80 00 01 C0 00 00 88 00 0C 40 00 11 80 00
10 11 00 00 00 41 46 C2 48 20 12 28 40 02 82 00
10 00 04 04 80 08 00 23 08 0A 06 00 12 11 84 11
20 00 42 03 03 0A 00 C3 C0 A0 84 10 20 22 40 02
80 10 A0 80 04 01 00 00 80 48 85 80 03 02 02 02
00 04 06 40 25 00 80 81 40 E4 06 98 00 00 48 0E
10 09 82 11 28 2D 00 84 02 00 22 00 20 28 00 00
32 04 00 41 38 49 21 00 20 00 01 02 08 20 A2 11
23 30 22 00 80 20 01 02 88 90 8C 00 20 68 00 80
06 02 02 40 0C 80 00 00 40 80 00 24 00 A0 20 40
A0 00 84 02 40 00 40 40 90 98 24 11 00 00 E0 80
00 50 00 50 1C 10 90 0A 18 00 0C 20 02 00 82 00
00 41 40 10 08 00 98 00 21 20 80 14 B8 82 00 81
85 C4 2D 00 10 08 54 00 50 00 50 00 00 20 20 88
69 04 01 15 14 1B 85 08 00 20 26 10 1A 38 48 51
04 14 00 80 00 00 96 40 13 0E 14 00 60 80 10 09
14 02 40 00 00 10 00 80 80 41 00 18 43 00 00 80
80 08 21 02 00 00 00 04 40 03 0C 10 82 00 09 0E
00 00 80 C0 08 02 0A 20 00 81 00 20 00 89 82 41
80 00 02 41 CA 02 0A 10 40 01 80 26 84 41 21 11
00 48 02 00 A4 84 81 40 00 30 00 16 21 42 22 00
00 02 04 24 00 50 84 A0 10 88 11 20 09 0C 00 00
00 80 00 00 02 C8 08 02 0C 02 40 C0 00 69 00 3C