20 20 82 90 03 31 04 30 50 82 22 A2 02 F0 02 50
08 0E 04 00 20 02 02 48 00 27 24 05 20 00 49 00
40 08 20 0A 08 D0 01 08 88 8D 04 00 04 A1 00 45
23 40 02 00 10 01 08 04 20 40 08 00 00 22 02 90
44 0A 00 40 14 40 24 00 43 87 80 20 00 04 80 02
82 10 84 40 00 60 80 62 88 00 00 84 04 0E 00 80
51 10 40 08 01 04 49 1C 80 A0 29 24 18 40 00 02
C2 08 20 11 08 20 40 08 00 48 00 00 20 40 05 20
85 22 24 01 22 16 13 41 13 24 00 04 14 31 24 22
00 20 00 00 00 01 60 00 20 08 02 00 03 50 06 00
0A 0C 18 08 94 09 04 80 23 00 45 02 00 00 40 00
3C 42 02 01 20 10 20 04 20 00 00 00 12 40 0A 24
00 10 08 C0 69 00 20 00 12 33 05 60 44 10 80 64
01 09 28 00 80 00 04 10 22 89 20 0A 92 22 95 41
04 10 00 0A 00 04 60 00 02 08 68 A0 08 84 C0 00
04 01 00 00 60 00 28 02 28 52 40 30 48 85 00 01
08 C5 00 48 04 10 32 08 44 00 84 24 00 91 00 00
60 80 04 88 12 80 10 02 08 02 48 48 04 00 42 D2
00 00 00 81 20 00 01 04 40 81 11 00 72 41 21 08
08 01 20 00 20 00 09 0C 14 C0 08 10 00 04 40 40
40 44 06 10 20 0C 01 40 05 80 00 00 01 39 24 28
84 24 41 08 40 90 0F 06 01 05 00 02 00 00 B1 A0
E0 08 00 0C 10 24 00 C4 05 A0 01 44 01 09 44 00
C4 0A 00 28 00 81 C0 70 00 00 04 02 01 02 28 80
00 04 04 A2 20 20 44 02 23 00 00 00 00 40 20 44
32 04 00 00 19 D0 00 55 01 04 02 0A 11 08 00 04
00 0C 01 10 00 00 80 82 20 0A 24 00 30 80 14 00
80 C0 10 A0 10 24 10 50 21 06 00 00 00 04 00 80
00 10 09 08 0C 0B 29 02 01 00 A5 20 40 0A 00 01
02 00 05 A0 80 31 02 00 04 10 0A 48 22 00 00 40
00 00 00 08 0C 00 84 80 0C 02 30 00 00 00 20 02
10 88 00 21 28 01 00 0C 12 20 00 00 20 00 20 21
00 00 40 04 20 82 20 00 01 80 64 00 02 00 00 10
90 01 A0 01 00 64 90 98 04 80 04 80 18 90 08 21
40 85 00 01 40 51 80 10 00 40 00 80 40 00 00 00
88 28 22 80 24 88 00 40 02 81 20 00 30 10 20 22
20 20 08 10 04 0A 8B 00 0C 96 18 A0 40 04 50 16
20 03 28 02 A0 00 04 00 72 00 02 0C 00 10 02 80
08 03 8C 00 00 04 14 41 9C 21 18 11 21 24 41 00
00 06 40 00 10 20 01 10 02 88 01 04 C4 00 00 01
00 00 89 F0 C0 82 01 02 13 12 0A 14 02 03 10 00
80 50 0D 00 14 00 20 00 18 48 16 00 81 01 01 04
02 04 44 82 00 60 00 40 04 42 22 00 81 6A 00 02
00 12 20 20 00 06 00 08 40 08 00 00 00 40 01 04
00 00 20 02 00 00 81 18 19 30 40 00 14 02 01 80
C8 00 00 10 00 01 C8 20 00 20 B0 10 00 20 80 08
02 00 C0 41 A0 03 01 11 10 A0 00 40 12 40 10 80
0B 05 28 10 08 00 50 48 00 00 30 00 C6 90 08 25
04 00 09 03 50 00 00 00 10 00 1A 48 00 45 10 23
00 80 16 20 02 29 10 40 04 26 20 08 40 C1 00 74
E4 20 52 00 40 48 00 80 29 04 20 40 00 40 00 00
0D 44 00 26 00 00 00 00 20 00 20 71 00 04 10 0A
08 00 00 38 00 40 01 12 82 09 01 80 06 00 84 22
82 49 04 49 05 40 00 05 40 00 00 31 02 70 A0 16
68 80 19 80 00 40 20 10 00 08 00 01 00 52 04 00
01 02 00 83 00 03 40 92 50 20 00 12 1E 00 00 20
10 00 04 04 30 20 16 00 04 12 40 00 10 26 88 61
02 00 04 00 24 00 04 00 54 09 00 08 08 02 00 51
80 01 00 2A 10 3A 42 00 06 01 01 23 90 10 00 04
00 80 43 00 81 C0 00 80 28 28 00 80 80 0B 20 08
10 04 00 94 00 80 00 20 80 04 00 01 00 C0 00 00
02 08 43 80 00 C2 00 04 02 00 00 42 80 42 01 48
00 81 10 40 16 00 44 18 84 04 0A 04 02 00 A4 00
00 04 4B 00 01 10 80 00 40 00 01 40 18 84 08 80
88 A4 29 90 A1 85 00 08 00 20 0C 09 00 28 04 20
08 20 16 60 05 22 00 00 08 20 00 10 04 41 90 00
58 00 00 00 86 51 54 A0 00 22 80 56 00 12 01 04
10 00 08 00 40 A7 05 20 04 00 09 80 08 03 00 84
02 30 08 30 02 00 4A 18 00 18 00 16 82 34 20 54
10 81 90 02 40 00 08 02 48 10 00 00 48 81 60 20
70 00 00 00 41 00 14 00 00 40 00 90 00 04 00 06
00 00 81 44 00 00 08 38 50 00 41 80 40 C8 81 80
08 00 11 10 01 12 08 10 10 F4 00 40 49 00 03 04
08 10 08 1A 00 00 00 44 49 04 20 40 21 00 A9 00
41 50 00 98 81 48 0C 08 0A 01 09 00 01 22 10 20
25 15 09 18 03 40 80 00 44 0C 00 08 08 84 00 04
0A 4C 01 50 08 23 08 24 00 A0 00 4C 00 C0 04 21
04 78 2C D4 20 10 65 61 00 52 18 09 12 00 08 20
08 08 80 00 01 20 11 01 41 00 40 00 E0 C4 64 34
E2 40 14 00 05 00 00 04 00 96 19 84 00 06 1C 00
90 20 C0 92 20 08 B4 C8 01 80 04 02 0C 21 04 28
40 00 60 20 01 14 05 00 04 00 04 C0 04 80 20 1C
40 40 54 0C 90 02 44 03 40 00 40 82 03 B2 01 00
78 32 02 01 80 00 00 40 00 42 60 00 20 81 00 20
40 02 40 82 20 82 16 19 00 70 0C D2 42 00 00 00
42 42 A2 00 00 01 46 21 00 00 01 01 05 04 06 82
08 10 01 02 40 04 20 49 10 19 30 13 12 00 31 01
06 40 16 00 A0 A4 01 28 B4 08 01 80 1A 80 48 00
20 01 00 00 A0 02 73 02 34 24 45 00 60 34 02 04
0A 00 00 00 82 42 82 22 00 11 50 00 04 60 48 20
08 20 48 49 0C 01 00 01 04 02 9E 10 48 21 40 C9
01 90 09 80 08 41 28 00 33 00 54 40 09 81 00 80
81 00 02 0B D4 4D BA 4B 60 40 03 08 00 90 00 18
20 90 00 81 01 23 00 40 00 20 18 00 00 0C 00 32
00 02 26 09 31 19 1A 08 00 08 10 88 12 00 83 05
58 A0 00 A2 40 00 08 88 00 0B 20 80 28 00 C9 02
02 06 00 28 80 10 C2 00 C0 80 0C 00 00 90 80 C0
40 00 41 80 03 40 04 80 00 0C 18 20 02 45 01 00
C1 12 90 00 98 00 9C 10 00 00 08 A8 80 80 01 02
40 40 00 40 06 00 24 00 42 00 40 A0 16 00 02 14
0C 60 02 00 00 04 08 00 80 C0 00 60 10 00 1C 40
40 00 B0 32 81 40 00 40 20 40 10 40 28 15 40 84
F0 21 48 60 50 00 A1 02 91 84 18 40 10 00 45 00
10 24 0C 60 20 03 40 02 4A 12 20 42 20 01 02 10
21 00 80 00 01 C0 00 00 88 00 0C 40 00 11 80 00
10 11 00 08 00 41 47 C2 48 20 12 28 40 02 82 00
10 08 04 04 80 00 00 63 08 0A 06 00 12 11 84 11
20 00 42 03 02 0A 00 C1 C0 A0 84 10 20 22 40 02
80 10 A0 00 00 21 00 00 80 48 85 80 03 22 02 02
00 04 06 40 65 00 00 C1 40 E4 06 98 20 00 48 0E
10 09 82 11 28 2D 00 84 02 00 22 00 20 28 00 00
32 04 00 41 38 48 21 00 20 00 01 02 08 20 A2 11
23 30 22 00 80 20 01 02 88 90 8C 10 20 68 00 80
04 02 02 40 0C 80 00 20 40 80 00 A0 20 A0 20 40
20 00 80 02 00 00 40 00 90 98 24 11 40 00 E0 88
00 50 10 50 1C 10 91 0A 10 00 0C 20 02 00 82 00
00 01 40 00 08 40 B8 00 20 20 88 14 B8 02 00 C1
84 C4 2D 00 10 08 54 00 50 00 50 00 02 20 22 88
69 84 01 05 14 1B 85 08 00 20 26 30 1A 38 40 51
04 14 00 82 00 00 96 40 13 0E 14 00 20 80 10 08
14 02 44 00 00 00 00 80 80 40 40 18 43 00 00 80
80 08 21 02 40 00 00 14 40 03 0C 10 82 14 01 0E
00 00 80 C0 88 02 0A 20 00 81 02 30 00 89 82 41
80 00 02 41 CA 02 0A 10 40 01 80 A6 84 41 21 11
20 48 02 00 A4 84 91 40 00 10 00 16 21 42 22 00
00 02 04 24 00 50 84 A0 00 88 11 20 09 0C 00 00
40 80 00 00 02 C0 08 02 0C 02 00 C0 00 69 00 3C