20 30 A2 90 02 31 04 30 44 80 22 A2 02 D0 02 50
08 0E 04 00 00 02 02 48 00 27 20 05 20 00 49 00
40 08 20 1A 08 D2 01 08 88 8D 04 00 04 A1 00 45
23 40 02 00 10 00 28 04 20 40 08 00 00 22 02 10
44 0A 00 40 14 40 24 00 43 83 80 20 00 04 00 00
82 10 84 40 00 60 80 22 88 00 00 0C 04 0E 00 80
51 10 40 00 01 04 48 1C 80 80 29 24 18 40 00 02
C0 08 20 11 08 20 40 08 00 48 00 00 20 40 05 20
8D 22 24 01 22 16 13 41 13 25 00 04 10 31 24 22
00 00 00 00 00 01 60 08 20 08 00 00 83 50 04 00
0A 0C 19 08 84 09 04 20 23 00 45 02 00 00 40 00
3C 42 22 01 20 10 20 14 28 00 00 00 12 00 0A 24
00 10 08 C0 29 00 20 00 52 33 51 60 54 10 80 66
01 09 28 00 80 00 04 90 22 89 20 02 12 22 B5 41
06 10 00 0A 00 00 40 00 02 48 68 A0 08 84 C0 40
04 11 00 00 60 00 28 02 28 52 40 30 48 0D 00 01
08 E5 00 40 00 10 36 08 44 00 86 24 00 90 00 00
60 80 04 88 00 80 10 02 08 02 48 48 00 00 42 D2
00 00 00 81 20 00 01 04 50 81 11 00 52 00 21 08
08 01 20 00 20 08 01 0C 14 C0 08 10 08 04 40 40
40 44 06 10 20 0C 01 50 01 80 00 00 01 39 24 28
84 24 41 08 40 80 0F 06 01 05 00 02 00 00 B1 20
E0 09 00 0C 00 24 00 C0 05 A0 00 44 81 01 44 00
80 0A 00 08 80 81 C0 70 00 00 04 02 00 02 08 80
00 04 04 A0 20 20 44 02 22 00 00 00 00 40 20 40
12 04 08 00 19 50 00 55 01 00 22 02 01 08 00 04
02 0C 00 10 00 00 80 82 40 0B 24 00 70 80 54 00
80 D0 10 A0 00 24 10 50 21 26 02 00 00 04 00 80
00 10 0B 08 0C 0B 28 02 01 00 A5 20 C0 0A 00 03
02 10 05 A4 80 B1 02 00 04 10 0A 48 22 00 00 42
00 00 00 08 0C 00 84 80 0C 82 30 00 00 00 20 02
00 88 00 21 24 01 00 0C 12 20 80 00 20 00 20 21
00 00 40 00 20 82 20 00 03 80 44 00 02 00 00 10
90 01 A0 01 00 4C 90 98 04 A0 00 80 18 90 08 00
40 85 00 01 40 50 80 10 00 40 00 80 40 00 80 00
88 28 22 88 25 88 00 40 02 81 28 00 30 10 20 22
20 20 08 10 04 0A 8B 10 0C 96 18 80 40 04 50 17
20 03 28 02 A0 00 04 00 72 00 0A 0C 00 10 00 80
08 03 84 00 00 04 14 41 9C 21 18 11 20 24 40 00
00 06 40 02 10 20 01 10 02 88 01 05 C4 00 00 01
00 00 89 B0 C0 82 01 02 33 12 0A 14 0A 2B 14 00
80 50 05 00 14 00 20 00 18 48 16 00 C1 01 01 04
42 04 44 C2 00 60 00 40 04 02 22 01 81 4A 00 0A
00 12 20 30 00 06 00 08 40 08 00 00 10 44 01 04
00 01 20 02 00 00 81 08 19 10 40 00 14 02 01 80
C8 00 00 10 00 00 C8 00 00 20 B0 10 00 A0 80 08
02 00 C0 01 A0 03 00 11 10 B0 00 40 12 40 10 80
0B 05 28 10 08 00 10 48 00 00 30 00 46 90 08 25
04 21 29 03 40 00 00 00 10 00 1A 48 00 45 10 22
00 80 16 20 42 29 10 40 04 26 20 09 00 C1 00 74
E4 20 52 10 50 48 00 80 29 04 20 40 00 40 00 00
09 44 00 36 00 00 00 00 20 00 20 31 00 04 10 0A
08 00 40 38 00 40 00 13 82 09 03 80 06 00 84 22
82 49 04 49 05 50 00 05 40 00 00 31 02 F0 A0 16
68 80 18 80 00 00 20 10 00 08 00 01 01 4A 00 10
01 02 00 83 00 03 40 82 40 20 00 1A 1A 00 00 28
10 00 04 04 30 20 14 00 14 02 40 00 18 22 88 60
02 08 14 00 24 00 04 40 54 09 00 08 08 02 00 51
00 01 00 2A 10 30 40 00 06 01 00 23 90 10 00 00
00 80 42 00 81 C0 00 80 28 28 00 00 80 0B 20 08
10 04 00 94 00 80 00 20 80 04 00 05 00 C0 00 02
02 08 43 80 00 C2 00 04 00 00 00 42 81 42 03 48
00 81 10 40 16 00 44 18 8C 04 0A 04 02 00 24 00
00 04 0B 00 01 30 80 00 40 02 00 40 18 84 08 80
88 A4 29 90 A1 81 00 08 00 00 0C 09 08 28 04 20
00 20 12 64 05 26 00 00 08 20 80 10 04 41 90 00
19 00 00 00 86 11 54 A0 00 02 80 52 00 12 01 24
10 00 88 20 00 A3 0D 20 04 00 09 80 08 03 00 84
02 20 08 30 02 00 48 18 00 18 00 16 22 14 20 50
10 01 98 00 00 00 08 02 58 00 08 01 48 81 60 20
70 00 00 00 40 00 14 00 00 40 00 92 00 05 00 06
00 00 81 44 00 00 08 38 50 01 41 80 41 C0 81 80
08 00 13 10 01 12 08 10 10 F4 00 40 49 00 03 04
08 00 0C 0A 00 00 00 44 49 00 20 40 21 20 A1 00
41 10 00 98 A1 48 0C 08 0A 01 09 00 01 22 90 00
25 15 09 10 02 40 00 00 4C 0C 00 08 08 80 00 04
0A 4C 01 50 08 23 08 24 00 A0 00 4C 00 C0 04 21
00 68 2C 54 20 10 25 60 00 12 18 0D 12 00 08 20
08 08 80 10 03 00 11 01 41 00 40 00 E0 C4 74 34
E2 40 50 04 01 00 00 04 00 96 19 C4 00 06 1C 00
90 20 C0 92 20 08 B4 C8 00 C0 0C 02 0C 20 00 A8
40 00 60 20 01 14 05 00 04 00 04 C0 04 80 20 0C
40 00 54 0C 94 02 44 03 40 00 40 82 03 B2 01 00
70 32 02 21 82 01 00 40 00 62 40 00 20 81 00 20
40 02 44 82 20 C2 16 19 00 70 8C 52 46 00 20 40
42 42 A2 00 00 01 4E 21 04 00 09 01 05 04 06 82
88 12 41 02 40 04 20 49 10 19 30 13 12 00 31 01
06 40 16 00 A0 A4 09 A8 B4 08 01 84 1A 80 08 00
20 21 00 00 80 02 73 02 34 24 45 00 20 34 02 04
02 40 00 00 82 42 82 02 00 01 90 00 04 20 08 20
18 20 48 09 0C 09 00 01 05 02 9E 10 48 21 40 C9
00 98 0B 80 08 01 28 00 33 00 70 40 01 81 00 80
81 00 02 0B D4 0D BE 49 40 40 03 08 00 90 00 18
22 90 00 81 01 23 00 40 00 20 18 01 00 0C 08 32
00 02 36 09 31 19 1A 08 00 08 10 C8 12 04 93 05
58 A0 00 A2 40 0C 08 88 20 0B 20 80 28 00 C9 02
00 06 81 28 80 10 C2 00 C0 80 04 00 00 10 80 40
40 00 41 80 03 60 04 80 00 0C 18 20 02 05 01 00
C1 12 90 00 98 00 9C 10 00 00 18 A8 C0 80 01 02
40 40 00 40 02 00 25 00 40 00 40 E4 16 00 02 14
04 60 06 00 00 04 08 00 80 C0 00 60 10 00 1C 40
40 00 90 32 83 40 02 40 20 00 10 40 28 15 40 84
F0 21 48 60 50 00 A1 02 D0 0C 18 40 10 00 47 00
00 26 0C 61 20 03 40 00 4A 10 20 40 20 01 02 10
21 00 84 00 01 C0 00 00 88 04 08 40 00 15 80 00
10 11 00 00 00 41 45 82 48 20 12 28 40 02 86 00
10 00 04 04 80 00 00 23 08 0A 06 00 12 11 84 11
20 00 42 03 02 0A 01 C3 C0 A0 84 10 20 A2 40 02
80 10 A0 00 04 11 00 00 80 48 85 A0 03 22 02 02
00 14 06 40 25 00 00 81 40 E4 06 98 20 00 48 0C
10 09 82 11 28 2D 00 84 02 00 22 00 22 28 00 00
32 04 00 41 38 48 21 00 20 00 01 82 08 20 A3 11
23 30 22 00 90 20 01 02 80 91 8C 00 20 68 10 80
04 02 00 40 0C 80 00 20 40 80 00 B4 00 A0 21 40
A0 00 80 02 00 00 42 40 90 98 24 11 00 00 E0 88
08 50 10 50 8C 10 90 0A 18 00 0C 20 02 00 02 00
00 40 40 00 08 00 98 00 21 20 00 14 B8 02 00 81
85 44 2D 00 14 08 54 00 50 00 70 00 00 20 22 88
63 84 81 15 14 1B 85 08 08 20 26 38 1A 38 48 41
04 14 00 82 00 00 16 48 13 0E 14 00 60 80 10 09
14 02 44 00 00 10 00 80 80 41 40 18 43 00 00 80
C0 08 21 02 00 00 00 14 50 03 0C 10 82 04 01 0E
00 00 80 C0 88 02 0A 20 00 81 00 38 00 89 82 41
B0 00 02 41 CA 02 0A 10 40 01 80 A6 84 41 21 11
20 48 06 00 A4 84 91 40 00 10 00 16 21 42 20 00
00 00 04 24 00 50 84 A0 10 88 11 20 09 0C 00 00
00 80 80 00 02 80 08 02 04 02 00 40 00 69 00 3C