28 20 A2 90 83 31 04 30 50 80 22 A2 02 90 02 50
08 0E 04 00 00 02 02 48 00 27 20 05 22 00 49 00
40 08 20 0A 08 D0 01 08 80 8D 04 00 04 A1 00 45
23 40 02 00 10 00 28 04 20 40 08 01 00 22 02 10
44 0A 00 40 10 40 2C 00 43 83 80 20 00 04 80 00
82 30 80 40 00 60 80 62 08 00 00 8C 04 0E 00 80
51 10 40 00 01 04 48 1C 80 A0 29 24 18 40 00 02
C0 08 20 11 08 20 40 08 00 48 00 00 20 40 05 20
85 22 24 01 22 16 13 41 13 24 00 04 14 31 24 22
00 00 C0 00 00 01 60 08 20 08 02 00 03 50 06 00
0A 0C 18 08 84 08 04 A0 23 00 05 02 00 00 40 02
2C 42 22 01 20 10 20 14 20 04 00 00 12 00 0A 24
00 10 08 C0 69 00 20 00 52 33 01 40 54 10 80 66
01 09 28 00 80 00 00 10 A0 89 20 02 92 22 F7 C1
06 14 00 08 00 00 60 00 02 08 68 A0 08 84 C0 40
04 01 00 00 20 00 08 02 28 52 40 30 48 05 00 01
08 85 00 48 04 11 36 08 C4 00 84 24 00 91 02 00
62 80 04 88 00 80 10 02 08 02 48 48 00 00 42 D2
00 00 00 81 20 00 01 04 D0 81 11 00 72 40 61 08
08 41 20 00 20 00 09 1C 1C C0 08 10 00 04 40 40
C0 44 06 10 20 0C 01 50 01 80 00 00 00 39 24 28
C4 24 41 08 40 90 0D 06 01 05 00 02 00 00 B1 A0
E0 08 00 4C 00 24 00 C0 05 A0 01 40 81 01 44 00
80 0A 00 28 00 80 C0 70 00 00 04 02 01 02 08 80
80 24 04 A2 20 20 44 02 23 00 00 00 04 40 20 40
32 04 08 00 1B 50 00 55 01 00 02 02 11 08 00 04
02 0C 00 10 00 00 80 82 20 0B 24 00 64 80 54 00
80 C0 10 A0 00 24 10 50 21 06 0A 00 00 04 00 80
00 10 0B 08 0C 0B 28 02 00 00 A4 20 40 0A 00 01
02 00 05 A4 80 31 02 00 04 10 0A 40 22 00 00 40
00 00 00 08 0C 00 84 80 0C 82 30 00 00 00 20 02
12 88 00 21 20 01 00 0C 12 20 00 00 20 00 20 21
00 00 40 04 20 02 20 00 03 80 44 00 02 00 00 10
90 01 00 01 00 64 90 98 04 A0 04 80 18 90 08 00
40 84 00 01 40 51 80 10 08 40 00 80 40 00 00 00
88 28 22 8A 25 88 00 40 02 81 20 00 30 10 20 22
20 20 00 00 04 02 8A 00 0C 96 38 A0 40 04 50 16
20 03 28 02 A0 00 04 00 72 00 0A 08 00 10 02 80
08 03 84 00 00 04 14 41 9C 21 18 11 20 24 41 00
00 06 40 00 10 20 00 10 02 88 01 04 C0 00 00 05
02 00 89 90 C1 82 01 02 13 12 0A 14 02 03 14 00
80 50 05 40 04 00 20 04 18 48 12 00 81 01 01 04
02 04 44 82 00 60 00 40 04 02 22 00 81 EA 20 02
00 12 00 20 00 06 00 08 40 08 00 00 10 40 01 04
00 01 20 02 00 00 81 08 08 10 40 00 14 02 01 80
C8 00 00 10 00 01 C8 20 00 20 B0 10 00 21 80 08
02 00 C0 01 A0 01 08 91 10 B0 00 40 12 40 10 80
0B 05 28 10 08 00 50 48 00 00 30 00 C6 90 08 25
04 00 21 02 50 00 00 00 10 00 1A 48 00 45 00 23
00 80 16 20 42 A9 10 40 04 26 20 08 00 C9 00 74
E4 20 12 00 50 48 00 80 29 04 20 40 00 40 00 00
0D 44 00 36 00 00 00 00 20 00 20 15 00 04 10 0A
08 00 00 38 00 40 00 13 82 19 01 80 06 00 04 22
82 49 00 49 05 40 00 05 40 00 00 31 02 70 A0 16
68 80 19 80 00 40 20 10 00 08 00 01 00 4A 04 08
01 02 20 83 00 03 40 82 50 20 00 12 1A 00 00 20
10 00 04 04 20 20 16 00 04 02 40 00 10 22 88 60
02 00 14 00 2C 00 04 40 54 09 02 08 08 02 00 51
00 01 00 2A 90 B0 40 00 06 01 01 23 90 10 00 04
00 80 43 00 81 C0 00 C0 28 28 00 00 80 0B 20 08
10 00 00 14 00 80 00 20 80 04 00 05 00 E0 00 00
02 08 43 80 00 C2 00 04 42 00 00 42 80 42 03 48
00 81 10 40 17 00 44 18 84 04 0A 04 02 00 A4 00
00 04 4B 00 01 14 80 00 40 02 01 40 08 04 08 80
88 A4 29 90 A1 81 00 08 00 20 0C 09 08 28 04 20
08 20 16 44 05 26 00 04 08 20 80 10 04 41 90 00
19 00 00 00 86 11 54 A0 40 22 80 52 00 12 01 24
10 00 08 00 40 A3 0D 20 04 00 09 80 08 03 00 84
02 30 08 30 02 00 4A 18 00 08 00 16 02 34 20 50
10 89 98 00 40 00 09 00 48 10 08 00 48 81 60 20
70 00 00 00 41 00 14 00 01 40 00 92 00 05 00 06
00 00 01 64 00 00 08 38 50 00 41 80 40 C0 81 80
08 00 19 14 01 12 08 10 10 F4 00 40 49 00 03 04
08 10 08 1A 00 00 00 04 49 04 00 40 21 00 A9 00
41 10 00 B8 81 68 0C 08 0A 01 09 01 01 20 00 20
2D 15 09 1A 03 40 80 00 44 0C 00 08 08 00 00 04
0A 4C 01 51 08 03 08 24 00 20 00 0C 00 C0 04 21
04 78 2C 54 20 10 65 60 00 52 18 09 12 00 08 00
08 08 80 00 00 20 11 01 41 02 40 00 E0 C4 64 34
E2 40 50 04 03 00 00 04 00 96 18 C4 00 06 1C 00
90 20 80 92 20 08 B4 C8 01 80 04 02 0C 20 00 08
40 00 60 20 01 14 05 01 04 01 04 C0 04 80 20 0C
40 40 54 4C 90 02 40 03 40 00 40 82 03 B2 01 00
78 32 0A 01 80 00 00 00 00 62 40 02 20 81 00 20
40 02 40 82 20 E2 16 19 00 70 0C 50 46 00 20 41
42 42 A2 00 00 01 4C 21 04 00 41 01 25 44 06 82
08 00 41 02 40 04 20 49 10 19 30 13 12 00 31 01
06 40 16 00 A0 A4 01 28 B4 08 81 80 1A 80 08 00
20 01 00 00 A0 02 63 02 34 24 05 00 00 34 02 04
0A 40 00 00 82 42 82 02 20 01 90 00 04 20 4A 20
28 20 48 49 0C 09 00 01 04 02 9E 10 48 21 50 C9
01 9C 09 80 08 01 28 00 33 04 74 40 09 81 00 80
81 00 0A 0F D4 0D 3C 03 40 42 03 09 00 90 00 08
20 90 00 81 01 22 00 40 10 20 18 00 00 0C 28 32
00 02 36 09 31 19 1A 08 00 08 10 0A 12 04 93 05
58 A0 00 A2 40 00 08 88 20 0B 20 80 28 00 C9 02
00 06 80 28 81 10 C6 00 C0 80 04 00 00 10 80 C0
40 00 41 80 03 00 04 80 00 04 18 20 02 45 01 00
C1 12 80 00 98 00 9C 10 00 00 10 A8 C0 80 01 22
40 40 00 40 06 00 24 00 42 00 40 A0 86 10 02 54
04 40 02 00 00 04 08 00 80 C0 00 40 10 40 1C 40
40 00 90 32 81 40 00 40 20 40 10 50 28 15 40 84
F0 21 48 60 50 00 A1 02 90 04 18 40 10 00 05 00
10 24 0C 61 20 03 40 02 4A 12 20 42 20 01 02 10
20 00 84 00 01 C0 00 00 88 04 0C 40 00 11 80 01
10 11 00 00 00 41 46 86 48 20 12 28 40 02 86 00
10 00 04 04 80 00 00 23 08 0A 06 00 12 11 84 11
20 00 42 03 02 0A 00 41 C0 E0 84 00 20 82 40 02
88 10 A0 00 04 01 00 00 80 48 85 80 03 22 02 02
00 04 06 40 25 00 00 81 44 E4 06 90 20 00 48 0C
10 09 82 10 28 2D 00 84 02 00 22 00 20 38 00 00
32 04 00 45 38 49 21 00 20 00 01 82 08 20 A0 11
23 30 22 00 90 20 01 02 80 90 8C 00 20 68 00 80
04 02 02 40 0C 80 00 20 40 80 00 B4 00 A0 20 40
A0 00 80 02 00 00 02 40 90 98 24 11 00 00 60 88
00 50 00 50 0C 10 91 0A 10 00 0C 20 02 00 82 00
00 01 40 00 18 00 98 00 20 20 00 14 B8 02 00 C1
85 44 2D 00 10 08 54 00 50 00 70 00 00 20 20 88
61 84 81 05 15 1B 85 08 00 00 26 10 1A 18 40 41
04 14 00 80 00 00 16 40 13 0E 14 00 60 80 10 09
14 02 44 00 00 00 00 80 00 41 40 10 43 00 00 80
80 08 21 02 40 00 00 14 50 03 0C 10 82 14 08 0E
00 00 80 C0 88 02 0A 20 00 81 00 30 00 09 82 41
80 00 02 41 CA 02 0A 10 00 01 90 A6 84 43 21 10
20 40 02 00 A4 84 91 40 00 10 40 16 21 42 22 00
00 00 04 24 00 50 84 A0 00 88 11 20 09 0C 00 00
00 80 00 00 02 88 08 02 0C 02 00 40 00 69 00 3C