20 10 1A 40 06 40 02 60 88 29 09 32 08 04 40 00 
07 09 00 2D 03 20 04 26 13 04 00 E9 90 28 14 2C 
00 10 10 10 00 80 00 40 58 20 22 06 42 00 8A 15 
50 00 40 28 02 00 80 40 40 11 3A 60 00 36 50 02 
85 80 44 40 00 04 12 61 20 01 20 A1 80 C2 43 C9 
2A 80 82 05 38 45 25 00 A0 19 08 D4 10 18 24 04 
10 1A 04 00 01 00 44 42 02 06 82 00 12 00 00 88 
20 C1 04 01 08 20 04 21 00 01 83 21 00 04 40 44 
90 00 00 24 00 20 20 00 11 00 02 00 08 00 80 C8 
20 48 06 48 00 00 09 11 08 00 10 05 00 42 00 52 
08 02 01 70 01 02 94 00 02 02 03 06 00 0C 00 00 
0A 40 01 04 08 44 85 30 00 40 01 20 00 40 00 05 
18 10 36 55 22 00 00 08 05 82 81 08 80 20 00 08 
00 00 3E C0 2B 80 20 83 70 11 00 02 80 84 00 30 
28 00 80 08 84 20 00 49 04 22 10 20 30 40 04 33 
24 88 04 C9 1C 00 A5 18 03 09 88 10 12 08 42 20 
02 50 20 80 20 40 41 64 58 4C A0 E2 00 82 08 02 
40 CC 0A 40 11 01 20 E7 01 50 06 50 80 00 40 10 
10 14 20 44 30 80 82 05 00 00 04 10 01 08 28 00 
00 05 10 00 24 00 00 80 02 02 E0 04 80 00 10 11 
20 05 24 00 24 00 64 02 05 81 04 08 04 86 82 10 
C2 97 80 01 80 25 5A 60 58 00 26 00 E4 51 A0 08 
A0 66 0A 02 22 04 20 0A 90 04 00 D8 E1 04 1C 88 
28 80 0C 40 AC 04 E4 C4 50 00 04 48 08 08 11 40 
AE 08 13 18 08 88 80 40 38 40 68 00 88 00 25 80 
02 10 80 00 48 10 20 01 18 0D 60 00 A5 40 C4 04 
10 94 39 18 58 12 30 00 40 08 28 8A 81 02 02 01 
A2 04 8D 91 08 03 60 00 30 82 20 40 30 02 20 41 
20 C0 9C C0 40 00 08 00 42 A0 50 84 9C 01 00 40 
08 8A 60 00 40 11 01 00 00 00 00 28 12 00 64 80 
C0 00 10 88 80 10 45 40 02 01 02 80 30 80 0A 00 
04 18 04 01 01 00 00 20 80 20 10 10 88 00 00 00 
20 A8 C1 40 00 40 80 50 80 00 01 02 01 02 00 08 
02 4C 45 03 04 08 04 01 02 02 80 16 00 00 08 01 
01 08 46 00 00 24 C8 40 84 02 01 1E 00 A4 40 00 
89 40 09 30 A0 70 24 00 00 80 60 00 38 6A 10 44 
19 24 38 20 28 00 A0 74 C0 40 04 70 08 10 08 80 
08 80 03 80 80 22 01 50 24 E0 30 40 40 A0 8B 12 
0A 49 0E 18 40 05 00 00 02 10 42 08 10 00 10 1A 
31 8A 00 01 20 1C 00 56 24 00 00 00 10 D0 40 C8 
08 02 82 41 00 10 80 84 14 00 20 0D 00 05 10 44 
05 98 02 80 80 08 50 23 00 64 42 02 00 09 00 91 
20 9D 00 60 22 26 00 40 0C 51 00 02 80 03 10 22 
50 80 08 C8 09 10 09 88 48 04 06 01 01 90 11 04 
12 00 88 40 96 61 1C 00 49 02 41 50 21 90 83 04 
00 15 42 22 00 59 10 00 20 56 04 10 10 50 B9 80 
10 20 40 10 29 10 10 08 50 08 08 00 91 88 06 00 
8C 00 00 00 00 10 80 80 00 00 00 10 25 64 00 10 
B6 10 06 10 A0 00 C0 21 00 20 48 00 50 0A 08 20 
00 14 81 00 82 00 00 4E 01 AE 00 04 81 16 20 11 
44 00 02 08 D0 01 00 00 00 13 88 A0 00 B0 40 84 
08 80 70 32 05 04 29 34 21 01 44 00 00 40 44 10 
00 20 40 02 00 11 03 82 C2 41 80 00 80 72 80 00 
80 85 56 82 22 20 20 94 20 00 45 00 80 00 10 81 
42 28 00 44 80 90 14 60 A2 00 04 18 28 10 48 00 
29 10 02 12 A0 B8 00 20 20 88 00 08 00 05 13 41 
86 80 40 91 00 80 A6 0A 80 50 50 04 51 01 48 02 
4E 2A 59 00 12 80 00 68 50 42 10 90 08 06 00 00 
00 82 A0 00 40 20 14 C2 02 C2 49 04 58 39 00 00 
20 10 00 20 10 20 40 00 14 62 04 13 80 40 80 80 
20 2A 82 00 88 00 08 00 00 03 89 01 81 00 90 08 
00 09 02 04 00 40 16 10 0D 19 40 00 44 08 82 80 
00 A0 0B 20 10 41 00 94 48 80 00 42 01 28 A1 01 
88 13 72 04 04 00 00 00 11 00 08 12 00 40 00 48 
02 20 34 09 00 42 88 42 04 AA C2 80 20 A6 02 18 
10 00 88 44 88 01 A1 01 01 21 80 A0 00 13 00 11 
C0 13 0C 80 06 82 20 2C 40 28 00 22 4B 00 42 90 
10 10 00 90 A0 11 02 20 86 09 2C 00 28 10 C1 80 
44 04 28 0A 10 98 80 08 82 02 01 09 84 C8 0C 20 
02 42 00 34 41 70 01 48 58 08 02 40 40 20 03 00 
80 20 70 02 00 84 05 C5 09 00 60 09 00 00 29 98 
00 00 50 40 00 04 01 00 40 44 10 20 48 20 16 60 
10 02 12 14 10 84 81 1D 81 0E 81 03 24 1C 80 34 
80 08 01 09 40 41 45 30 00 08 01 04 44 05 01 01 
52 42 0F 05 D0 00 80 02 40 00 60 04 10 00 A6 84 
40 04 00 04 00 44 60 00 60 01 84 05 A0 65 00 00 
00 05 03 40 4A D5 10 01 18 00 44 2A 60 5A 0D 01 
05 00 B1 20 F4 01 35 C2 00 0A 08 00 84 02 24 02 
24 42 00 41 13 45 00 02 0C 4A 84 8E 00 02 01 10 
29 0E 06 50 84 10 02 4A 12 48 43 08 00 28 44 30 
09 09 59 10 B0 08 0B E8 70 09 00 02 80 20 11 00 
A8 0C 00 20 93 80 26 16 00 56 40 84 C0 81 80 08 
31 08 2A 12 01 00 40 24 28 00 26 90 02 92 00 12 
00 95 18 08 00 4A 04 09 80 64 00 03 40 02 01 03 
08 60 10 16 60 88 41 82 41 80 08 20 08 40 10 10 
10 10 44 40 04 01 00 08 81 00 00 00 20 02 0C 30 
01 02 2A 10 5E 00 45 A2 3A 88 66 4D 12 48 00 02 
10 0A 01 80 06 22 26 00 02 21 00 02 18 00 81 12 
02 00 00 10 00 22 C0 A6 90 11 01 02 D0 00 08 08 
08 42 08 60 80 2C 00 81 60 01 54 21 23 00 24 21 
00 02 00 04 0D 84 02 00 12 82 62 00 44 26 00 04 
80 22 A8 8A 20 00 22 20 30 05 83 08 1C 1C 51 10 
18 08 30 08 04 05 91 00 14 80 4D B9 54 17 D0 64 
51 10 04 00 01 10 01 21 08 09 A8 00 2A 00 08 06 
48 02 00 00 64 00 00 00 6C 91 8C 2C 14 20 82 00 
48 41 01 20 84 20 00 90 8A 00 00 61 04 00 04 83 
09 81 00 40 A1 A0 88 29 90 E1 40 00 00 81 10 90 
00 01 18 11 60 00 A8 41 10 08 00 42 82 0C 00 10 
24 00 81 14 01 00 20 00 00 00 00 AA C0 00 00 08 
03 25 02 00 21 00 00 00 61 08 20 49 00 10 60 10 
08 00 00 00 04 00 06 10 01 49 21 D9 20 80 43 20 
30 00 02 0A 00 02 02 40 C0 40 00 30 01 E0 0C 50 
12 00 B2 00 68 02 04 80 0C 19 42 7E 0C 18 82 C0 
22 0C C2 18 83 0B 06 0D D0 72 31 02 81 04 30 81 
23 00 01 04 06 25 41 00 20 00 C0 00 05 84 64 C0 
02 82 00 00 2E 9B 00 08 10 08 22 24 C3 04 10 90 
00 00 80 02 22 00 00 00 10 81 04 85 4E 0A 2C AC 
1A 24 28 81 10 26 09 04 01 09 40 91 81 C0 42 01 
42 48 00 98 00 80 00 00 48 21 08 41 53 80 02 02 
08 4D 01 04 08 04 12 28 12 1A 10 90 E8 04 00 41 
62 40 51 40 00 90 09 91 24 02 82 20 00 2C 50 04 
A0 0C 01 40 00 45 88 C2 E8 42 09 10 08 20 09 20 
24 80 00 90 14 02 85 07 70 14 00 09 40 01 04 E0 
04 20 29 40 00 8B 11 60 50 43 D7 01 8C 4E 80 08 
80 15 82 00 42 40 20 08 07 80 10 14 01 05 01 23 
08 00 02 80 88 10 52 16 10 00 38 00 04 00 1E 00 
08 21 18 21 14 00 14 00 10 01 00 4C 08 34 70 02 
21 11 19 30 82 F2 A1 14 42 86 11 23 41 09 0E 40 
0A 02 80 88 00 18 20 00 1A 00 02 04 02 02 14 04 
32 5C 00 40 44 E0 50 02 01 11 40 88 10 01 00 00 
52 C0 05 DA 0C 20 20 02 00 1A 08 00 18 10 0B 86 
82 1C 04 30 4C 80 4A 42 00 12 C0 40 60 81 81 00 
07 00 12 00 0A 0C 10 00 00 C8 80 04 00 22 10 02 
92 41 01 00 20 44 C2 84 04 81 00 08 00 01 01 50 
C5 11 04 2E 24 00 58 80 14 10 10 06 58 02 00 08 
80 08 00 48 01 8C 8C 20 44 04 41 61 D9 01 82 28 
00 10 00 45 00 00 04 00 40 82 40 00 60 0A 04 00 
48 02 24 03 80 03 10 00 84 80 44 81 A2 08 C4 00 
