20 10 1E 40 06 00 02 60 88 29 09 32 00 04 00 00 
87 09 00 2D 83 20 04 26 03 24 01 E1 91 28 14 2C 
00 10 10 10 00 80 00 00 58 20 22 02 42 00 8A 15 
10 00 40 28 02 00 C0 40 40 10 3A 60 00 36 50 02 
85 80 40 40 00 04 12 60 20 01 20 A1 00 C2 43 C9 
2A 00 82 85 38 65 24 40 A0 19 08 D4 10 18 04 04 
10 1A 00 10 01 00 40 42 02 06 82 00 12 00 00 80 
20 C1 04 01 00 20 04 21 00 00 83 21 00 04 40 44 
90 00 00 24 00 20 20 00 11 00 02 00 08 00 80 68 
20 48 06 08 00 00 09 11 08 00 10 04 00 42 00 56 
08 02 00 70 01 02 B4 00 00 02 03 06 00 08 00 00 
00 40 01 00 08 44 85 30 00 40 01 20 00 40 00 05 
18 10 36 15 22 00 00 08 05 82 A1 08 80 20 00 08 
00 00 1E C0 2B 00 20 83 70 90 00 02 80 84 40 30 
28 00 80 08 84 20 00 49 04 22 10 00 10 40 04 33 
24 88 04 C9 1C 00 81 08 03 09 88 10 12 08 42 20 
00 50 20 80 20 40 40 60 58 4C A0 E2 00 82 08 02 
20 CC 08 40 11 01 20 E7 01 50 04 50 80 00 40 10 
10 10 20 44 30 80 02 01 00 00 24 10 00 00 28 00 
00 05 10 00 A4 00 00 82 02 02 60 04 00 00 00 11 
20 04 24 00 24 00 64 02 04 80 04 08 04 86 80 10 
C2 95 80 01 80 25 5A 60 48 00 26 00 64 01 A0 08 
A0 22 0A 02 20 04 20 0A 90 04 00 98 E1 00 18 88 
20 80 0C 40 AC 04 E4 C0 50 00 04 48 48 08 11 40 
AE 08 13 10 00 88 80 40 3C 40 48 00 88 80 25 80 
02 10 00 00 48 11 20 01 18 0D 60 00 A5 40 44 04 
30 94 29 10 58 12 30 00 00 08 28 8A 81 02 82 01 
A2 04 8C 90 08 0B 60 00 20 80 00 00 30 00 20 41 
20 80 94 C0 40 00 08 00 42 A4 10 84 90 01 00 80 
08 8A 60 00 40 11 00 00 00 00 00 08 12 00 60 80 
40 00 10 88 00 10 51 40 02 01 02 80 30 80 8A 00 
04 18 04 01 01 00 20 20 80 20 10 10 08 00 00 00 
20 A8 C0 60 00 40 80 50 80 00 00 02 00 02 00 08 
02 08 01 03 00 08 04 01 02 02 90 14 00 00 08 11 
01 00 46 08 08 04 D8 40 80 02 01 1E 10 A4 40 00 
89 40 08 30 08 70 24 00 00 00 60 00 30 6A 10 40 
19 24 08 20 29 00 A0 F4 00 20 04 70 18 10 08 80 
08 82 03 81 00 20 00 50 24 E0 30 40 C1 A0 83 12 
8A 49 0E 38 40 05 00 00 02 10 42 08 10 00 10 1A 
31 8A 00 01 22 1C 00 57 24 00 00 00 00 50 00 C8 
08 40 82 41 00 10 80 90 00 00 20 0D 00 05 10 44 
05 98 02 80 80 08 50 21 00 64 42 42 00 08 00 91 
A0 1D 00 41 22 06 00 40 0C 51 00 02 80 03 10 0A 
58 80 08 C8 09 10 09 88 48 44 26 01 03 90 11 00 
12 00 80 40 96 21 0C 00 09 12 41 50 21 90 83 04 
00 14 42 02 01 49 10 00 20 56 04 10 00 40 B9 80 
00 00 40 10 29 14 10 00 50 08 08 00 91 00 06 00 
88 00 00 00 00 12 90 88 00 00 00 10 35 64 00 10 
B6 11 06 10 20 00 C0 21 00 20 48 10 40 02 00 20 
00 14 80 00 82 00 00 4A 01 AE 00 08 81 16 20 11 
44 00 02 08 51 01 00 00 00 03 88 A0 21 B0 40 84 
08 00 70 32 85 04 29 30 20 01 44 00 01 40 44 10 
00 24 40 02 00 11 03 82 C2 41 81 00 80 62 80 80 
80 85 76 82 22 20 20 94 20 00 45 00 80 00 10 81 
42 38 00 44 80 90 14 60 A2 00 24 18 28 00 48 00 
09 10 02 10 A0 30 00 20 20 80 08 08 00 04 13 41 
86 80 00 81 00 80 A4 0A 80 70 51 04 51 01 48 02 
4E 22 59 00 12 80 20 08 50 42 00 10 08 02 00 00 
00 92 A0 00 40 20 14 C2 00 C0 49 04 58 39 00 08 
20 10 00 20 10 20 40 00 10 62 06 11 C0 00 80 80 
20 2A 80 00 88 00 08 00 00 03 89 09 81 00 90 00 
00 08 02 04 00 00 04 10 0D 19 40 00 44 08 82 80 
00 A0 09 24 10 40 00 84 48 80 08 42 01 28 81 01 
88 13 62 04 04 00 00 00 10 00 0C 12 00 00 00 48 
00 20 34 09 00 42 88 40 04 AA C2 80 20 B6 02 18 
10 00 88 00 88 01 A1 21 01 21 10 A0 00 13 04 13 
C0 13 0C 00 06 80 20 2C 40 28 00 22 49 00 40 90 
40 10 00 90 A0 11 00 20 96 01 2C 00 28 10 C1 80 
44 04 28 0A 00 98 80 08 82 02 01 09 84 C8 0C 20 
02 02 00 14 41 70 01 48 58 08 02 00 40 00 03 00 
80 20 70 00 08 84 05 C4 09 00 60 09 00 0C 29 88 
00 00 50 00 00 04 01 00 40 04 10 24 48 20 16 60 
10 02 12 14 10 84 A1 09 A1 0E 81 03 24 18 80 34 
80 18 01 09 40 43 04 10 00 08 01 04 44 05 01 01 
52 42 0D 05 D0 00 80 02 40 00 40 04 10 00 A4 84 
44 04 00 04 40 40 60 00 60 00 84 05 A0 25 00 00 
00 05 83 40 4A D5 10 00 18 00 44 2A 60 58 0D 01 
05 00 B1 20 A4 01 35 C2 80 0A 0A 00 84 02 24 02 
24 42 00 41 12 45 00 00 1C 4A 04 8C 00 02 01 10 
28 0E 06 50 85 10 02 4A 12 08 43 08 00 28 44 30 
09 09 58 10 B0 08 0A E8 70 09 00 02 80 20 31 04 
A8 0C 01 20 91 80 26 16 00 52 40 84 C0 81 80 88 
11 08 08 13 01 00 40 24 28 00 26 90 02 12 00 10 
00 8D 10 08 00 4A 04 09 80 64 00 03 40 02 00 01 
28 60 10 06 60 88 41 82 01 80 00 20 08 40 00 10 
10 10 04 40 04 01 00 00 01 00 00 04 20 02 0C 30 
00 02 2A 10 7E 00 40 A2 3A 88 66 45 12 48 00 02 
10 0A 01 80 06 02 26 20 02 21 00 00 08 00 80 12 
02 00 00 00 04 02 C1 A0 90 11 00 00 D0 00 00 08 
08 42 08 60 80 2C 00 81 60 01 54 21 22 00 24 21 
00 02 00 00 0D 84 02 00 12 82 62 00 04 26 00 04 
80 22 A8 82 20 00 02 20 30 05 83 00 1C 1A 51 10 
18 08 30 00 04 04 91 00 10 80 4D B9 44 17 90 64 
51 10 04 00 01 10 01 21 08 09 A8 00 2A 00 09 06 
40 02 00 00 64 00 00 00 6C 91 8C AC 14 20 82 00 
48 41 01 00 80 00 00 90 8A 00 00 41 04 00 04 83 
00 81 00 40 A1 20 88 29 98 E1 40 00 00 81 10 90 
00 00 10 11 60 00 A0 41 10 08 00 42 82 08 00 10 
04 00 81 10 01 00 20 00 00 00 00 AA C0 00 00 08 
03 25 02 00 61 00 00 00 61 08 20 A9 00 10 60 10 
08 00 00 00 00 00 06 10 01 49 20 D9 A8 80 43 20 
30 00 02 02 00 22 02 40 40 40 00 30 05 E0 04 50 
12 00 22 00 68 02 24 80 0C 19 42 7E 0C 18 82 C2 
22 0C C2 10 83 02 06 0D C0 72 31 02 01 06 30 81 
22 00 00 04 06 20 41 04 20 00 40 00 85 81 64 C0 
02 82 00 08 2E 9B 00 08 10 00 22 24 C3 04 00 80 
00 00 80 02 22 00 20 00 10 01 04 85 4C 0A 2C 2C 
10 24 28 80 10 36 09 04 01 09 40 91 81 C0 42 01 
42 48 08 98 00 80 00 00 48 21 08 C0 51 80 02 02 
0C 4D 01 04 18 04 12 28 12 0A 18 90 E8 14 00 41 
62 40 51 40 00 90 09 90 04 02 82 20 00 2C 10 04 
A0 0C 01 40 08 05 88 C2 88 44 4D 10 08 20 09 20 
24 80 02 90 14 02 85 46 70 14 10 09 40 01 04 E0 
04 00 29 41 00 83 11 60 50 43 D7 01 88 4A 80 08 
80 15 82 00 02 40 20 08 06 80 10 00 01 04 01 23 
08 00 02 C0 00 80 52 06 10 02 28 00 44 00 1E 00 
08 20 08 21 14 10 14 00 00 01 00 4C 08 14 70 06 
21 10 09 10 82 72 81 14 42 84 11 03 41 48 06 40 
0A 02 90 88 00 18 20 00 18 00 02 04 02 02 10 04 
32 5D 10 40 04 C0 50 02 01 11 00 08 10 01 00 00 
52 C0 0D D8 0C 20 20 00 00 0A 08 00 18 10 09 86 
82 1C 04 30 44 00 40 42 00 02 C0 40 40 81 81 00 
03 00 12 00 0A 0C 10 00 00 C8 80 04 00 22 10 02 
92 41 01 00 20 44 C2 84 04 83 00 02 00 01 01 40 
C5 13 04 0A 20 00 5C 80 00 10 00 06 50 02 00 08 
80 08 00 48 01 84 8C 20 44 04 60 61 D9 00 82 28 
00 00 00 44 00 00 04 00 40 80 40 40 60 0A 04 00 
48 02 24 03 80 03 00 00 84 80 44 80 A2 08 C4 00 

