00 10 1A 40 06 00 0A 60 88 29 09 32 00 04 40 00 
87 09 00 2C 03 20 04 26 13 24 00 E9 90 28 14 2C 
00 10 10 12 00 80 00 40 58 21 22 02 42 00 8A 35 
10 08 40 28 02 00 80 40 40 10 3A 60 00 36 50 02 
85 80 44 C0 00 04 12 60 20 00 60 A1 80 C2 43 C9 
0A 00 86 85 30 45 24 40 A0 11 08 D4 10 18 24 04 
10 1A 04 00 01 00 44 42 02 0E 82 00 12 00 00 80 
20 C1 04 01 08 20 04 01 00 00 83 21 00 04 40 44 
90 00 00 24 00 20 20 80 10 00 02 00 08 00 80 48 
20 48 06 4C 00 00 09 11 08 08 10 05 00 42 00 52 
08 02 01 70 01 00 94 00 12 02 03 06 00 0C 00 00 
0A 40 21 14 08 44 85 30 00 40 01 20 00 41 00 05 
18 10 36 15 22 00 00 88 05 82 83 08 80 20 00 08 
00 00 1E C0 2B 80 20 83 70 11 00 02 80 84 00 30 
28 00 80 08 84 20 00 49 04 20 10 00 30 40 05 33 
24 C8 04 C9 1C 00 A5 08 03 0D 88 10 12 08 42 20 
02 10 20 80 20 00 40 64 58 4C A0 E2 00 82 08 02 
20 CC 0A 40 11 01 20 E7 01 50 04 50 80 00 40 10 
10 10 20 44 30 80 02 05 00 00 04 10 00 00 28 00 
00 05 10 00 25 00 00 80 82 02 60 04 00 00 10 11 
30 04 24 00 34 00 64 02 04 81 04 08 00 A2 80 10 
C2 97 80 01 80 27 5B 60 48 00 26 00 E4 51 A0 08 
A0 22 0A 02 20 84 20 0A 90 04 00 90 E1 84 1C 88 
28 00 0C 40 AC 04 E4 C0 50 00 04 48 48 28 11 40 
AE 08 13 1C 08 88 80 40 38 40 48 00 88 02 25 80 
02 10 80 00 48 10 20 01 08 0D 60 00 A5 40 44 04 
10 D4 29 50 10 12 31 00 40 08 20 8A 81 02 82 01 
A2 04 8D 90 08 03 60 00 20 82 20 40 30 00 20 41 
20 80 9C C0 40 00 08 00 42 A0 50 84 90 01 00 C0 
08 8A 40 02 40 11 00 00 00 00 00 28 12 00 64 80 
40 00 10 A8 00 10 45 40 02 01 02 82 30 80 8A 20 
04 18 04 01 01 00 00 20 80 20 10 10 00 00 00 00 
22 A8 C0 60 00 40 80 50 C0 00 00 02 00 02 00 0C 
02 5C 01 0B 00 18 04 01 02 02 80 14 00 00 08 01 
01 00 46 04 00 04 D8 40 80 02 01 1E 10 A4 00 00 
89 40 08 30 00 70 24 00 00 80 60 00 38 62 10 44 
19 24 18 20 08 00 A0 F0 C0 21 04 30 10 10 48 80 
08 80 03 81 80 22 01 50 24 C0 30 40 C1 A0 8B 12 
8A 49 0E 38 40 05 00 00 02 10 42 09 10 00 10 1A 
31 8A 00 00 22 1C 00 56 60 00 00 00 00 D0 40 C8 
08 02 82 41 20 10 80 84 14 00 20 0D 00 04 10 44 
05 B8 02 80 80 08 50 23 00 64 42 02 00 01 00 91 
20 89 00 41 22 26 00 40 0C 51 00 02 80 03 10 22 
58 80 08 C8 09 10 09 88 48 04 26 01 03 90 13 04 
12 00 88 40 96 61 0C 00 09 02 01 50 21 90 83 04 
00 15 42 22 00 5B 10 00 20 56 06 10 10 50 B9 80 
10 00 40 10 69 14 10 00 50 08 08 00 11 00 06 00 
88 00 00 00 00 10 80 80 00 00 00 90 25 64 00 10 
B6 11 06 10 20 08 C0 21 00 20 48 10 40 02 00 20 
00 14 81 00 C2 00 00 4A 01 AE 00 08 81 16 00 01 
44 00 02 00 D0 21 00 00 00 03 88 A0 15 B0 40 80 
40 01 70 32 85 04 A9 30 20 01 4C 00 01 40 44 10 
00 24 40 02 00 11 03 82 C2 41 80 00 80 72 80 00 
80 85 56 82 22 2A 20 94 20 40 45 00 90 00 10 85 
42 28 00 44 80 90 14 60 A2 00 24 18 28 00 48 00 
29 10 00 18 A4 30 00 20 20 90 08 08 00 04 13 41 
86 80 40 81 00 80 84 0A 80 70 51 04 51 01 48 02 
4A 22 59 00 12 80 20 28 50 42 10 90 08 06 00 00 
00 92 A0 80 40 20 14 C2 02 C2 01 84 58 31 02 00 
20 10 00 20 10 20 40 00 14 62 04 33 80 40 80 80 
20 2B 80 00 88 00 08 00 01 03 89 01 81 00 90 00 
00 0B 12 04 00 10 06 10 0D 19 40 00 44 08 82 80 
00 A0 09 24 10 41 00 84 48 80 08 42 01 08 A1 01 
88 13 72 04 04 00 40 00 10 00 08 12 00 00 40 48 
02 20 34 49 00 02 88 42 04 AA C2 80 20 A6 02 18 
10 00 88 44 88 01 81 01 01 01 90 A0 00 13 00 13 
C0 13 0C 00 06 80 20 2C 40 28 40 2A 49 00 40 90 
40 10 00 90 A0 11 02 20 96 09 2C 00 28 10 C1 80 
44 04 28 0A 14 98 80 08 82 02 01 09 84 C8 0C 20 
02 C2 00 34 41 70 01 48 58 08 02 00 40 20 23 00 
80 20 70 02 00 84 05 C1 01 00 60 09 02 10 09 98 
00 01 50 00 01 04 01 00 40 44 10 24 48 20 16 60 
10 02 12 14 10 84 A1 09 A1 0E 81 03 24 18 C0 34 
80 08 01 01 40 40 04 30 00 08 09 14 4C 05 01 01 
52 42 0F 05 D8 00 80 02 40 00 60 80 10 00 A6 84 
44 04 00 04 40 40 60 00 60 00 84 45 A0 65 00 00 
00 05 83 40 4B D5 10 01 08 80 44 2A E0 58 0D 01 
05 00 B1 20 E4 43 35 C2 80 0A 08 00 84 02 A4 02 
64 02 00 41 13 45 00 02 0C 4A 84 8C 00 02 01 10 
28 0E 06 50 85 10 02 4A 12 00 43 08 00 20 44 30 
09 09 59 10 B0 08 0B E8 70 09 00 02 80 20 11 00 
A8 4C 01 20 93 80 26 16 00 56 40 84 C0 81 80 00 
11 08 2A 13 01 00 40 24 28 00 26 10 02 92 00 10 
00 95 18 08 00 4A 04 09 80 64 00 13 40 02 00 01 
08 60 10 16 60 88 41 82 09 80 08 20 08 40 00 10 
10 10 C4 40 04 01 00 08 01 00 00 00 20 02 0C 30 
01 02 2A 10 5E 00 44 A2 3A 88 66 4D 12 48 01 42 
10 0A 01 80 06 22 26 01 02 21 00 02 18 00 80 12 
02 00 00 10 04 22 C5 26 90 11 00 42 D0 00 09 00 
08 42 08 60 80 0C 02 81 60 01 54 21 21 00 24 21 
00 02 00 04 0D 84 03 00 12 82 62 00 04 06 00 04 
80 2A A8 82 20 00 22 20 30 04 83 08 1C 1E 51 10 
18 08 30 08 04 04 91 00 10 80 4D B9 54 17 D0 64 
51 10 04 00 01 10 01 21 08 09 A8 00 2A 00 09 86 
40 02 40 00 64 00 00 00 6C 91 8C 2C 14 20 82 00 
48 41 01 00 84 00 00 91 8A 00 00 61 00 00 04 83 
00 80 00 40 A1 20 88 29 90 E1 40 00 00 81 10 90 
00 01 18 51 60 00 B8 41 10 08 00 42 82 08 00 10 
04 10 81 00 01 00 20 00 00 00 00 AA C0 00 00 00 
03 25 02 00 41 00 00 00 61 08 20 E9 00 10 60 10 
08 00 00 00 04 00 06 10 01 49 21 D9 28 80 43 00 
30 00 02 02 00 02 02 40 40 40 00 20 05 E0 04 50 
12 00 32 00 68 02 24 E0 0C 19 46 7E 04 18 82 C2 
22 0C C2 10 83 02 06 0D D0 72 31 02 81 04 30 81 
03 00 03 04 06 25 41 00 20 00 C0 80 45 81 64 C0 
42 82 00 08 26 83 00 00 10 00 22 24 CB 04 00 90 
01 00 02 02 22 00 00 00 10 81 04 84 CC 0A 2C 2C 
90 24 28 80 10 26 09 04 00 09 40 91 81 C0 42 01 
42 48 0A 98 00 80 02 00 48 21 88 C0 53 80 02 02 
08 4D 01 04 08 04 12 20 12 1E 18 90 E8 14 00 41 
62 40 51 40 00 90 09 90 24 02 82 20 00 2C 50 04 
A0 0C 01 40 08 05 88 C2 C8 42 CD 10 68 22 09 20 
24 80 00 90 14 02 84 06 70 14 10 09 40 01 04 60 
04 20 29 41 00 8B 11 60 50 43 D7 01 8C 4E 80 08 
81 15 82 00 02 40 60 08 07 80 50 00 01 04 41 23 
08 00 22 80 80 80 52 26 10 00 38 00 44 00 1E 00 
08 21 08 21 14 10 14 00 00 01 00 4C 08 34 70 04 
21 18 19 30 82 F2 A5 14 42 86 11 01 41 09 0E 40 
0A 02 80 88 00 18 20 00 1A 00 02 04 02 02 14 04 
32 5D 80 40 04 C0 50 02 01 11 00 88 10 01 00 00 
52 C0 0D DA 09 20 20 00 00 0A 08 00 18 10 0B 86 
82 1C 04 30 44 80 4A 46 00 12 C8 40 40 81 81 00 
0B 00 12 80 08 08 10 00 00 C8 80 04 00 22 10 02 
92 41 01 00 20 44 C2 84 04 83 00 02 00 01 01 50 
85 13 04 2E 24 20 58 84 14 10 10 06 50 0A 00 00 
80 08 00 48 05 8C 8C 20 44 04 71 61 F9 00 82 28 
00 10 00 45 00 40 04 00 40 80 40 00 60 08 04 00 
48 02 24 03 80 03 10 00 84 80 44 80 A2 08 C4 00 
