00 10 1E 40 06 00 02 60 88 29 09 30 00 04 00 00 
87 19 00 2C 03 30 04 24 13 24 00 E9 90 28 04 24 
00 10 10 10 00 80 00 40 58 20 20 02 42 00 8A 15 
12 08 40 28 02 00 80 40 40 11 3A 60 00 36 50 02 
85 80 44 40 00 04 12 60 20 01 20 A1 20 C2 43 C9 
22 00 02 85 30 45 24 00 A0 11 08 D4 10 18 24 04 
90 1A 04 10 01 00 44 42 03 06 82 00 10 00 00 80 
20 C1 04 01 00 20 04 21 00 00 83 21 00 04 00 44 
90 00 00 24 00 20 20 00 11 00 02 00 08 00 80 48 
20 48 06 08 80 00 09 11 08 00 10 01 00 42 00 56 
08 02 01 70 01 22 B4 00 12 02 03 06 00 0C 00 00 
02 40 01 14 08 44 85 30 00 40 01 00 00 00 00 05 
18 10 36 15 22 00 00 08 05 80 81 08 80 20 00 08 
00 10 1E C0 2B 00 20 83 70 10 00 02 80 84 00 30 
28 00 80 08 04 20 00 49 04 22 10 20 20 40 04 13 
24 88 04 C9 1C 00 85 08 03 09 88 10 12 08 42 20 
02 50 20 80 20 40 41 60 58 4C A0 A2 00 82 08 02 
00 4C 08 40 11 01 20 E3 01 50 06 10 80 00 40 10 
10 10 20 44 30 80 82 01 00 00 04 10 00 08 28 00 
00 05 10 00 24 00 00 80 02 02 20 04 00 00 10 11 
20 04 24 00 24 00 64 02 05 80 04 08 00 86 80 10 
C2 97 80 01 80 25 5A 60 48 00 26 00 64 11 A0 08 
A0 22 0A 02 22 84 20 0A 90 04 00 98 E1 00 1C 08 
20 00 0C 00 A8 04 E4 C0 50 00 04 48 08 08 11 40 
AE 00 13 14 00 88 80 40 38 40 48 00 08 80 25 80 
02 10 80 00 08 10 20 01 08 0D 60 00 A5 00 44 04 
10 94 29 10 58 12 30 00 20 08 20 82 81 02 82 01 
A2 04 8C 90 08 02 60 00 30 80 00 40 30 02 20 41 
20 80 9C C0 40 00 08 00 42 A4 50 84 9C 01 00 C0 
08 8A 60 00 40 11 00 00 00 00 00 28 B2 00 64 80 
40 00 10 88 00 00 41 40 02 01 02 80 30 80 8A 00 
04 18 04 01 01 00 20 00 80 20 10 10 80 00 00 00 
20 A8 C1 40 00 40 80 50 C0 00 01 02 00 02 00 08 
02 18 01 03 00 08 04 01 02 02 80 14 00 00 08 11 
01 00 46 08 08 04 D8 40 80 02 01 1E 10 A4 40 00 
89 40 09 31 00 70 04 00 00 80 40 00 38 6A 10 40 
19 24 08 20 28 00 A0 74 00 01 04 30 00 10 48 80 
08 80 03 81 80 20 01 50 24 C0 30 40 C1 A0 8B 12 
8A 69 0E 38 40 05 00 00 02 00 42 09 10 00 10 1A 
31 8A 00 01 20 18 00 56 20 00 00 00 10 C0 00 C8 
08 40 82 41 00 10 80 90 10 00 20 0D 00 04 10 44 
05 98 02 81 A2 08 50 23 00 64 42 02 02 09 00 91 
20 8D 00 40 22 06 00 00 0C 41 00 02 80 03 10 22 
50 80 08 88 09 10 09 88 48 04 26 01 03 90 13 00 
12 00 88 40 96 21 1C 00 49 02 41 50 21 90 83 04 
00 14 22 22 00 59 10 00 20 56 06 10 00 50 B9 80 
10 00 40 10 69 14 50 00 50 08 08 00 11 00 06 00 
88 00 00 00 00 10 80 88 00 02 00 94 25 64 00 10 
36 10 06 10 20 00 80 21 00 00 48 10 40 02 00 20 
80 10 80 00 C2 00 00 4A 01 AE 00 08 81 56 20 11 
44 00 02 08 50 01 00 00 00 03 88 80 01 A0 40 80 
08 01 70 32 05 04 09 34 20 01 4C 00 01 40 44 10 
00 20 40 06 00 01 03 82 C2 41 80 00 80 62 80 80 
80 85 54 82 22 20 20 94 20 00 45 00 80 00 10 81 
42 38 00 46 80 90 14 60 A2 00 04 18 28 00 08 00 
09 10 00 10 80 30 00 20 20 90 08 08 00 04 13 41 
86 80 40 91 00 80 84 02 80 50 11 04 51 01 48 02 
4E 2A 59 00 12 80 20 08 50 42 30 90 08 06 00 00 
00 92 A0 00 40 20 14 C2 00 C0 09 84 58 31 02 00 
20 10 00 20 10 20 40 00 14 62 04 33 80 40 80 80 
20 2A 80 00 08 00 08 00 00 02 89 01 81 00 90 00 
00 00 12 04 00 00 14 10 0C 19 40 00 44 08 82 80 
00 A0 09 20 10 41 00 94 48 80 08 42 01 28 A1 01 
88 13 62 04 04 00 00 00 10 00 08 12 00 40 00 49 
02 20 34 09 00 42 88 40 00 AA C2 80 20 B6 02 18 
10 00 88 40 88 01 81 01 01 01 90 A0 00 13 00 11 
40 13 0C 00 06 80 20 2C 40 28 40 2A 49 00 40 90 
00 90 00 90 A0 11 02 20 96 00 3C 00 28 10 C1 80 
40 04 28 0A 00 98 80 08 82 02 01 09 84 C8 04 20 
00 02 00 04 41 70 01 48 48 08 02 00 40 20 03 00 
80 20 70 02 80 84 05 C5 09 00 60 08 00 00 29 98 
00 00 50 00 00 04 01 00 40 04 10 20 48 20 16 60 
10 02 12 14 10 84 81 1D A1 0E 81 03 24 18 80 34 
80 18 01 01 40 40 45 30 00 08 01 04 4C 25 00 01 
50 42 0D 05 D0 00 80 02 40 00 40 04 10 00 A6 84 
44 04 00 04 40 44 60 00 60 01 04 05 A0 61 00 00 
00 05 81 40 4B 95 10 01 00 00 44 2A 20 50 0C 01 
05 00 B1 20 B4 03 35 C2 80 0A 08 00 84 02 20 02 
64 40 00 41 12 41 00 02 0C 4A 84 8E 00 02 01 10 
28 0E 06 50 85 00 02 4A 12 48 43 48 00 20 44 20 
01 49 59 10 B0 08 2A E8 70 09 00 02 80 20 31 00 
A8 0C 01 20 92 00 06 16 00 16 40 84 C0 81 80 80 
31 08 A8 13 01 00 40 24 28 00 24 10 02 92 00 10 
00 85 18 08 00 4A 04 09 80 04 00 03 40 02 00 03 
08 60 10 06 20 88 41 82 01 80 0C 20 08 40 00 10 
10 10 84 40 04 01 00 08 01 00 00 00 20 02 04 30 
00 02 2A 10 7E 00 40 A2 3A 88 66 45 12 48 00 02 
00 0A 01 80 06 02 26 00 02 01 00 00 18 00 80 12 
02 00 02 00 04 02 C1 22 90 11 41 02 D0 00 00 00 
08 02 08 60 80 2C 00 81 60 01 44 21 21 00 24 21 
00 02 00 04 0D 84 02 00 12 82 62 00 44 06 00 04 
80 22 A8 82 20 00 22 20 30 04 83 88 1C 1C 41 10 
18 08 38 08 04 04 91 00 14 80 4C B9 44 17 D0 64 
51 00 04 00 01 10 01 20 08 09 A8 00 2A 00 09 06 
48 02 00 00 60 00 00 00 6C 91 8C AC 14 20 82 00 
48 40 01 00 84 00 00 81 88 00 00 61 00 00 04 93 
40 00 00 40 A1 80 88 29 98 E1 00 00 00 85 10 90 
00 00 18 51 60 00 A8 41 10 08 00 42 82 08 00 10 
04 00 81 14 01 00 20 00 00 00 00 AA C0 00 00 00 
03 25 02 00 01 00 00 00 61 08 20 E9 00 10 60 10 
08 00 00 00 00 00 06 10 01 49 20 D9 28 80 42 00 
30 00 02 02 00 22 02 40 C0 40 00 30 05 E0 04 50 
12 00 32 00 68 02 24 80 0C 19 42 5E 0C 18 82 C2 
22 0C C2 10 03 02 06 0D D2 72 31 02 01 06 10 81 
22 00 01 04 06 20 41 04 20 00 C0 00 85 81 44 C0 
02 82 80 08 0E 9B 00 08 00 00 22 24 C3 04 00 90 
00 00 00 02 22 00 20 00 10 80 04 05 CC 0A 2C AC 
12 24 28 80 10 36 01 04 01 09 40 91 81 C0 42 01 
42 48 08 98 00 80 00 00 48 21 88 40 41 00 02 02 
0C 49 01 04 08 04 92 20 12 02 10 10 E8 04 00 41 
62 40 51 40 00 80 09 90 24 02 80 20 00 2C 10 04 
A0 0C 01 40 00 05 88 C2 E8 40 E8 10 28 20 09 20 
24 80 00 80 14 02 84 06 70 14 00 09 40 01 04 60 
04 00 29 41 00 83 11 60 50 43 D7 01 0C 4E 80 08 
80 15 82 00 02 00 20 08 06 80 10 00 01 05 01 23 
08 00 02 80 80 10 52 06 10 00 08 10 04 00 1E 00 
08 20 08 21 14 00 14 00 00 00 00 4C 08 35 30 00 
21 10 19 10 82 F2 85 14 42 86 11 03 41 09 06 40 
0A 02 80 88 00 18 20 00 1A 00 02 04 02 02 14 04 
32 5D 00 40 04 C0 50 02 01 11 40 08 10 01 00 00 
52 C0 0C D8 00 20 20 00 00 0A 08 00 18 10 0B 86 
82 1C 04 10 44 80 40 42 00 02 C0 40 40 80 81 00 
03 00 12 80 00 08 10 00 00 C8 80 04 00 02 10 02 
92 51 01 00 20 44 C2 84 04 81 00 02 00 01 01 50 
C4 13 14 2A 64 00 50 80 10 10 10 06 50 02 00 08 
80 08 00 48 01 8C 8C 20 44 04 41 61 D9 01 82 28 
00 10 00 44 00 00 04 00 40 80 40 00 60 0A 04 00 
48 02 24 03 80 03 00 00 84 80 64 80 A2 08 00 82 
