00 10 1E 40 06 00 02 60 88 29 09 32 00 04 40 00 
87 09 00 2D 83 20 04 26 13 04 00 E9 81 28 14 2C 
00 10 10 10 00 80 00 40 58 21 20 02 42 00 8A 35 
10 00 40 28 02 00 80 40 40 11 3A 60 00 36 50 02 
85 80 44 40 00 04 12 60 20 01 20 A1 00 C2 43 C9 
2A 00 82 85 18 65 24 40 A0 19 08 D4 10 18 24 04 
90 1A 00 00 01 00 40 42 03 0E 82 00 10 00 00 80 
20 C1 04 01 08 20 04 21 00 00 83 23 40 04 40 44 
90 00 00 24 00 20 20 40 11 00 02 00 08 00 80 68 
20 48 06 08 00 00 09 11 08 00 10 04 00 42 00 56 
08 02 01 70 01 22 94 00 12 02 03 06 00 08 00 00 
0A 40 01 04 08 44 05 30 00 40 01 20 00 40 00 25 
18 10 36 15 22 00 00 88 05 82 A1 08 80 20 00 08 
00 00 3E C0 2B 00 21 83 70 11 00 02 80 84 40 30 
2A 00 80 88 04 20 00 49 04 22 10 20 30 40 04 73 
24 88 04 C9 1C 00 A5 08 03 09 88 10 32 08 42 20 
00 50 20 80 20 40 40 60 50 4C A0 E2 00 80 08 02 
60 CC 08 40 11 01 20 E3 01 50 06 50 80 00 44 30 
10 10 20 44 30 80 82 05 00 00 04 10 00 08 28 00 
00 05 10 00 25 00 00 80 02 02 60 04 00 00 10 11 
30 04 04 00 34 00 64 02 05 80 04 08 00 86 81 10 
C2 95 80 01 80 27 5A 62 48 00 26 00 E4 41 E0 08 
20 22 0A 02 22 84 20 0A 90 04 00 98 E1 00 18 08 
28 00 0C 40 AC 04 E4 C4 10 00 04 48 48 28 01 40 
AE 08 13 18 48 88 80 40 3C 40 68 00 88 02 25 80 
02 10 80 00 48 10 20 01 18 0D 60 00 A5 40 44 04 
30 94 39 50 58 12 30 00 20 08 28 82 81 02 82 01 
A2 04 8C 90 08 03 60 00 20 82 20 40 30 00 20 41 
20 80 9C C0 40 00 08 00 42 A4 50 84 98 01 00 C0 
08 8A 60 00 40 11 00 00 00 00 00 28 12 00 64 82 
40 40 10 88 00 10 41 40 02 01 02 80 30 80 0A 20 
04 18 04 01 01 00 20 20 80 20 00 10 00 00 00 00 
32 A8 C1 60 00 40 80 50 80 00 00 02 00 02 00 0C 
02 4C 01 03 00 18 04 01 02 02 90 14 00 00 88 11 
01 00 46 0C 00 04 C9 40 84 02 01 1E 10 A4 40 00 
89 40 09 30 00 70 24 00 00 80 40 00 38 6A 10 64 
19 24 28 20 28 00 A0 F4 00 40 04 70 10 10 08 80 
08 80 03 81 00 20 01 50 24 E0 30 40 41 A0 8B 12 
8A 69 0E 38 40 05 00 00 02 10 02 08 10 00 10 1A 
31 8A 00 00 22 1C 00 56 24 20 00 00 00 D0 40 C8 
08 40 82 41 20 10 80 80 14 00 20 0D 00 04 10 44 
05 9A 02 80 80 08 50 23 00 64 42 02 02 09 00 91 
20 1D 00 41 22 06 00 40 0C 51 00 02 80 03 10 22 
50 80 08 C8 09 11 09 88 48 04 26 01 03 90 13 14 
12 00 88 40 96 21 1C 00 09 02 41 50 21 90 83 00 
40 14 42 22 00 59 10 00 20 56 0E 10 10 50 B9 80 
10 00 40 10 69 16 10 00 50 08 08 00 91 00 06 04 
88 00 00 00 00 12 90 80 00 00 00 90 25 64 00 10 
36 11 06 10 20 00 C0 21 00 20 48 10 40 02 00 20 
00 14 A1 00 83 00 80 4E 01 AE 00 08 81 56 00 11 
44 04 12 08 D1 11 00 00 00 03 88 A0 01 A0 40 84 
48 00 70 72 85 04 09 34 20 01 44 00 01 40 44 10 
00 24 40 06 00 00 03 82 C2 41 80 00 80 62 80 00 
90 85 56 82 22 28 20 94 20 00 45 00 80 00 10 81 
42 28 00 44 00 90 14 60 A2 00 24 18 28 00 08 00 
29 10 02 10 A0 30 00 20 10 90 08 08 08 05 11 41 
86 80 40 91 00 80 86 0A 80 51 51 04 51 01 48 02 
4E 2A 59 00 12 80 20 28 50 42 10 50 08 02 00 00 
40 82 A0 01 40 60 14 C2 00 C6 49 84 58 39 00 08 
20 10 00 20 10 20 40 00 14 62 04 11 80 40 80 80 
20 2B 80 00 88 08 08 00 00 03 89 09 81 00 90 08 
00 09 12 04 00 00 14 10 0D 19 40 00 44 08 82 80 
02 A0 09 24 10 41 00 84 48 80 08 42 01 08 81 01 
88 1B 72 04 0C 00 00 00 11 00 08 12 00 40 00 48 
02 20 34 09 00 42 08 42 04 AA C2 80 20 A6 02 18 
11 00 88 44 88 04 81 21 01 21 90 A0 00 13 00 13 
C0 13 0C 00 06 82 20 2C 40 28 00 22 4B 00 42 90 
00 00 00 90 A0 11 02 20 96 09 2C 00 28 10 C1 80 
44 04 28 0A 00 88 80 08 82 02 01 09 84 C8 0C 20 
02 42 00 34 41 70 01 4A 50 08 02 00 40 20 03 00 
80 20 70 00 00 84 05 C5 09 00 60 09 00 0C 29 88 
00 00 50 00 00 04 01 00 40 04 10 24 48 20 96 60 
10 02 12 14 10 84 81 0D A1 0E 81 03 24 1C 80 34 
80 08 01 01 40 40 05 30 00 08 01 04 4C 05 00 01 
52 42 0F 05 D8 00 80 02 40 00 60 84 10 00 A6 84 
44 04 00 04 40 44 60 00 60 01 84 45 A0 45 00 00 
00 05 03 40 4B 95 10 01 18 00 44 2A 60 58 0D 01 
05 00 B1 20 E4 43 35 C2 80 0A 8A 00 84 02 24 02 
24 42 00 41 12 45 00 02 0C 4A 84 8E 00 02 01 10 
29 04 06 50 84 19 02 4A 12 60 43 08 00 20 44 20 
09 09 59 10 B0 08 0B E8 70 09 00 02 80 20 31 04 
A8 0C 01 20 93 80 06 16 00 56 40 A4 C0 81 80 88 
31 08 AA 13 01 00 40 24 28 00 26 90 02 90 00 10 
00 9D 18 08 00 4A 04 09 80 64 00 03 40 02 80 03 
28 60 10 16 60 88 41 82 01 80 00 20 08 40 10 10 
10 10 04 40 04 01 00 08 01 00 00 00 20 02 0C 30 
01 02 2A 10 5E 00 40 A2 3A 88 26 45 12 48 00 02 
10 0A 01 80 06 22 26 20 02 21 00 02 18 00 80 12 
02 00 00 00 00 02 C1 A4 D0 11 40 42 D0 00 08 08 
08 42 08 60 80 2C 02 81 60 01 54 21 21 00 24 21 
00 02 00 00 0D 84 02 00 12 82 62 00 44 06 00 04 
80 2A A8 82 20 00 22 20 30 0D 83 08 14 1E 51 10 
18 08 38 08 04 04 91 00 14 80 4D B9 54 17 D0 24 
51 10 04 00 01 10 01 20 08 09 A8 00 2A 00 09 06 
40 02 00 00 64 00 00 00 6C 93 8C 24 10 20 82 00 
48 41 01 00 84 20 00 81 8A 00 00 41 00 00 04 93 
41 80 00 40 A1 20 88 29 98 E1 40 00 00 81 10 90 
00 01 18 51 60 00 A8 4D 10 08 00 42 82 08 00 10 
04 10 89 14 01 00 20 00 00 00 00 AA C0 05 00 08 
03 25 02 00 61 00 00 00 61 08 20 A9 00 10 60 10 
08 00 08 00 04 00 06 10 01 49 20 DB 20 80 43 20 
30 00 02 02 00 02 02 40 C0 40 00 30 05 E0 0C 50 
12 00 32 00 68 02 24 80 0C 19 42 7E 04 18 82 C0 
22 0C C2 19 83 03 06 0D C2 72 31 02 89 04 10 85 
22 00 03 04 06 25 41 00 20 00 C0 00 47 85 64 C0 
02 82 80 08 0E 8B 00 08 10 08 22 24 C3 04 00 D0 
00 00 82 02 22 00 20 00 10 81 14 85 CE 0A 2C 2C 
10 24 28 80 10 36 09 04 01 09 40 91 81 C0 42 01 
46 48 08 98 00 80 02 00 48 21 08 41 53 80 02 02 
08 4D 01 04 08 04 12 20 12 1A 18 90 E8 14 00 41 
62 40 71 40 00 90 09 90 04 12 82 20 00 2C 10 04 
A0 0C 01 40 00 45 88 C2 E8 42 49 10 68 20 09 20 
24 80 00 90 14 22 84 47 70 14 10 01 40 01 04 E0 
04 00 29 41 00 83 31 60 50 43 D7 01 8C 4E 90 08 
80 14 82 08 02 40 A0 08 06 80 10 04 01 04 41 23 
08 00 02 C0 80 90 52 06 10 00 28 10 44 00 1E 00 
08 25 08 21 14 00 14 00 01 01 00 4C 08 15 70 04 
21 10 19 30 82 F2 A1 14 42 86 11 02 41 48 0E 40 
0A 02 90 88 00 18 20 00 1A 00 02 04 02 02 14 04 
B2 5D 80 40 44 C0 50 02 41 11 40 08 10 01 00 00 
52 C0 0D D8 0C 20 20 00 00 0A 08 00 18 10 0B 86 
82 1C 04 30 44 80 42 46 00 12 C8 40 40 81 81 04 
03 00 12 00 08 0C 10 00 00 C8 00 04 00 22 10 02 
92 51 81 00 20 44 C2 84 04 83 00 08 00 01 01 50 
C5 13 04 2E 24 00 58 80 10 10 10 06 58 02 10 00 
80 08 00 48 09 8C 8C 20 44 04 61 61 F9 00 82 28 
00 00 00 44 00 40 04 00 40 82 50 00 60 08 04 00 
48 02 24 03 84 03 40 00 84 A0 64 80 A2 18 C4 00 
