00 10 1A 00 06 40 02 60 88 29 09 32 00 04 04 00 
87 09 00 2D 03 20 04 24 13 04 01 E9 91 28 14 2C 
00 10 10 10 00 80 00 40 58 20 22 22 42 00 8A 34 
50 00 40 28 02 00 80 40 40 11 2A 60 00 36 50 02 
85 80 44 40 00 04 12 61 20 00 60 A1 00 C2 43 C9 
2A 00 82 85 38 65 25 40 A0 19 08 D4 10 18 24 04 
10 1A 44 10 01 00 40 42 02 06 82 00 12 00 00 80 
20 C1 04 01 08 20 04 21 00 00 83 21 00 04 40 44 
90 00 00 24 00 20 20 00 11 00 02 00 08 00 80 68 
20 48 06 48 80 00 09 11 0C 00 10 05 00 42 00 52 
08 02 01 70 01 02 B4 00 02 02 03 06 00 0C 00 00 
0A 40 01 14 08 44 85 30 00 40 41 20 00 40 00 05 
18 10 36 55 22 00 00 88 01 82 A1 08 80 20 00 08 
00 00 3E C0 2B 00 20 83 70 11 00 02 80 84 02 30 
28 00 81 08 84 60 00 49 04 22 10 20 30 40 04 33 
24 88 00 C9 1C 00 A5 08 03 0D 88 10 12 08 42 00 
02 50 20 80 20 40 40 60 58 4C A0 A2 00 82 08 02 
40 CC 08 40 11 01 20 E7 01 50 06 50 80 00 40 30 
10 14 20 44 10 80 82 05 00 00 24 10 00 08 28 00 
00 05 10 00 24 00 00 80 82 02 E0 04 80 00 10 11 
20 04 24 00 24 00 64 02 05 80 04 08 00 A6 80 10 
C2 97 80 01 80 27 5A 60 58 00 26 00 E4 41 A0 08 
A0 26 0A 02 20 84 20 0A 90 04 00 90 E1 00 1C 88 
20 80 0C 40 A8 04 E4 C0 10 00 04 48 48 28 11 40 
AE 08 13 1C 08 88 80 40 38 40 68 00 80 02 25 80 
02 10 80 00 48 10 20 01 08 0D 60 00 A5 40 C4 04 
30 90 29 58 58 12 20 00 40 08 28 8A 81 02 82 01 
A2 04 8C 90 08 02 60 00 30 80 20 40 30 10 20 41 
20 81 9C C0 44 00 08 00 42 A0 50 84 98 01 00 C0 
08 8A 60 00 40 11 01 00 00 00 00 28 12 00 64 82 
40 00 10 88 80 10 41 C0 02 01 02 80 30 80 8A 00 
04 18 04 01 01 00 20 20 80 20 10 10 88 00 00 00 
22 A8 C1 68 00 48 80 50 80 00 01 02 01 02 00 08 
02 5C 45 0B 04 18 04 00 02 02 90 14 00 00 08 01 
01 00 46 0C 00 04 D9 40 80 02 01 1E 10 24 40 00 
89 40 08 30 20 70 24 80 00 80 40 00 38 6A 10 64 
19 24 38 20 28 00 A0 E4 C0 40 04 30 10 10 08 80 
08 80 03 81 80 20 00 50 24 E0 30 40 41 A0 8B 12 
8A 41 06 38 40 05 00 00 02 10 02 08 10 00 10 1A 
31 8A 00 01 22 1C 00 56 20 00 00 00 00 D0 00 C8 
08 40 82 41 20 10 80 84 14 00 20 0D 00 04 10 44 
05 B8 02 80 A2 08 50 23 00 64 42 02 02 09 00 91 
20 0D 00 41 22 26 00 40 0C 41 00 02 80 03 10 2A 
50 80 08 88 09 10 09 88 48 04 26 01 03 90 13 04 
12 00 88 40 9E 21 0C 00 49 02 41 50 21 90 83 04 
00 14 42 22 01 59 10 10 20 52 04 10 10 50 B9 80 
00 20 40 10 29 10 10 00 50 08 08 00 11 C0 06 00 
8C 00 00 00 00 12 80 0A 00 02 00 90 35 64 00 10 
B6 11 06 10 20 08 C0 21 00 20 48 10 40 0A 00 20 
00 10 81 00 83 00 00 4E 01 AE 00 0C 81 16 20 11 
44 00 02 08 D1 11 00 00 00 13 88 B0 21 B0 40 84 
00 01 70 72 85 04 A9 30 21 01 4C 00 01 40 44 10 
00 24 40 06 00 11 03 02 C2 41 81 00 80 72 80 80 
80 85 76 82 22 2A 20 94 20 00 45 00 90 00 10 81 
42 28 00 44 00 90 14 60 A2 01 04 38 28 00 48 04 
09 10 02 10 84 38 00 20 00 90 48 08 00 05 13 41 
86 80 40 91 00 80 A6 0A 80 70 51 04 51 01 48 02 
4E 2A 59 00 32 80 20 48 50 42 30 10 08 02 00 00 
00 92 A0 00 40 60 14 C2 02 C2 09 84 58 39 02 00 
20 10 00 20 10 20 40 00 10 62 04 11 80 40 80 80 
20 2A 80 00 88 00 08 00 00 03 89 01 81 00 90 08 
00 09 02 04 00 40 14 10 0D 19 40 00 44 08 82 80 
00 A0 89 24 10 41 00 84 48 80 00 42 01 08 81 01 
88 13 62 04 04 00 00 00 10 00 08 12 00 40 40 48 
02 20 34 09 00 42 00 40 00 AA C2 80 20 B2 02 18 
10 00 88 44 88 00 81 20 01 01 80 A0 00 13 05 13 
C0 13 0C 80 06 80 20 2C 40 28 40 2A 49 00 42 90 
40 90 00 90 A0 11 02 20 96 09 2C 00 28 10 C1 80 
44 04 28 0A 04 98 80 08 82 02 01 09 84 C8 0C 20 
02 C0 00 14 41 70 01 48 58 08 00 00 40 20 03 00 
80 20 70 02 00 84 05 C5 01 00 60 09 00 04 29 98 
00 01 50 00 03 04 01 00 40 04 10 24 48 20 16 60 
10 02 12 14 10 84 81 0D A1 0E 81 03 24 18 80 34 
80 18 01 01 40 41 05 30 00 08 01 04 44 05 00 01 
52 42 0F 05 D8 00 80 02 40 02 40 84 10 00 A6 84 
40 00 00 00 40 40 60 00 60 01 84 05 A0 65 00 00 
00 05 83 40 4A 95 10 00 08 00 44 2A 60 5A 0D 01 
05 00 B1 20 F4 01 35 C2 80 0A 08 00 84 00 A4 02 
60 42 00 41 13 45 00 02 0C 42 84 8C 00 02 01 10 
2D 0E 06 50 85 18 02 4A 12 68 43 48 00 20 44 30 
09 09 59 10 B0 18 0A E8 70 09 00 02 80 20 11 04 
A8 0C 41 20 93 00 06 16 00 56 40 84 C0 81 80 08 
11 08 2E 13 01 00 40 24 28 00 26 10 02 92 00 12 
00 D5 18 08 00 4A 04 09 80 44 00 03 40 02 00 01 
28 60 10 06 60 88 41 82 01 80 08 20 08 40 10 10 
10 10 04 40 04 01 00 08 81 00 00 04 20 02 0C 30 
10 02 2A 10 7E 00 44 A2 3A 88 66 4D 12 4C 00 42 
10 0A 01 80 06 22 26 20 02 21 00 02 18 00 81 12 
02 00 00 10 00 22 C0 26 D0 11 01 00 D0 00 00 08 
08 42 08 60 80 2C 00 81 60 01 44 21 21 00 20 21 
04 06 00 04 0D 84 02 40 12 82 62 00 44 06 00 04 
80 2A A8 82 20 00 22 20 30 04 83 08 14 1C 51 10 
18 08 30 08 04 04 91 00 14 80 4D B9 44 17 D0 24 
51 10 04 00 01 10 01 21 08 09 A8 00 2A 00 08 86 
40 02 40 00 60 00 00 00 6C 91 8C AC 14 22 80 00 
48 40 01 00 84 00 00 90 8A 00 00 61 00 00 04 83 
08 80 00 40 A1 20 88 29 98 E1 40 00 00 85 10 90 
00 01 18 11 60 04 A8 41 10 08 00 42 82 0C 00 12 
04 10 81 10 01 00 20 00 00 00 00 AA C0 00 00 00 
03 25 02 00 61 00 00 00 61 08 20 E9 00 10 60 10 
08 00 02 00 04 00 06 10 01 48 21 DB 28 80 43 00 
30 00 02 02 00 02 02 40 C0 40 00 30 05 E0 04 50 
12 00 32 00 68 02 25 C0 0C 19 46 5E 04 18 82 C0 
22 0C C2 10 83 0A 06 0D D2 72 31 02 81 04 10 81 
22 80 03 04 06 25 41 00 20 40 E0 00 45 85 44 C0 
02 92 00 08 0E 9B 00 08 10 00 22 24 C3 04 00 D0 
01 00 80 0A 22 00 00 00 10 81 04 85 44 0A 2C AC 
10 24 28 80 10 36 09 04 01 09 40 91 81 C0 42 11 
46 48 00 98 00 00 02 00 48 21 88 C1 53 80 02 02 
0C 4D 81 04 08 04 12 28 12 1A 18 90 E8 14 00 41 
62 40 51 40 00 90 09 90 24 02 82 20 80 2C 50 04 
A0 0C 05 40 00 05 88 C2 88 42 09 10 08 22 09 20 
24 80 04 90 14 02 85 05 70 15 10 09 40 01 04 E0 
04 20 29 41 00 8B 31 60 50 43 D7 01 8C 4E 80 08 
84 15 82 00 42 40 60 08 07 80 50 00 01 04 01 23 
08 00 02 C0 80 92 52 06 10 00 28 00 64 00 1E 00 
08 25 00 21 14 00 14 00 00 01 00 4C 08 15 70 02 
21 10 19 20 82 F2 A1 14 42 86 11 01 41 09 0E 40 
0A 02 80 88 04 18 20 00 1A 00 02 04 02 02 14 04 
32 5D 10 40 44 C0 50 02 01 11 40 88 12 00 00 00 
52 C0 05 DB 0C 20 20 02 00 0A 08 00 18 10 09 82 
82 1C 04 30 44 80 42 46 00 12 C8 40 60 90 C1 00 
07 00 12 80 08 08 10 00 00 C8 80 04 00 22 10 02 
92 41 01 00 20 44 C2 84 04 83 00 08 01 01 01 50 
C5 13 04 2E 64 00 58 80 10 10 10 06 50 02 00 08 
80 08 00 48 01 8C 8C 20 44 04 41 61 D9 00 82 28 
00 10 00 45 00 40 04 00 40 82 40 00 60 0A 04 00 
48 02 24 03 84 03 00 00 84 80 64 80 A2 08 C4 00 
