00 10 1A 40 06 40 02 60 80 29 09 32 00 04 40 00 
87 09 00 2C 03 20 04 26 13 04 01 E9 90 28 14 24 
00 10 10 10 00 80 00 00 58 21 20 22 42 00 8A 34 
10 00 40 28 02 00 80 40 40 11 2A 60 00 36 50 02 
A5 80 44 C0 00 04 12 61 20 01 20 A1 00 C3 43 C9 
2A 00 82 05 30 45 25 40 A0 11 08 D4 10 08 04 04 
10 1A 04 00 01 00 40 42 02 06 82 00 10 00 00 80 
20 C1 04 01 08 20 04 01 00 00 83 21 00 04 40 44 
90 00 00 24 00 20 20 00 10 00 02 00 08 00 80 E8 
20 48 06 48 00 00 09 11 08 00 10 05 00 40 00 52 
08 02 01 70 01 00 94 00 10 12 03 06 00 0C 00 00 
0A 40 01 14 08 44 85 30 00 40 01 20 00 40 00 05 
18 10 36 15 22 00 00 08 05 80 82 08 80 20 00 08 
00 00 1E C0 2B 00 20 83 70 11 08 02 80 84 00 30 
28 00 80 08 84 20 00 49 04 22 10 00 00 40 04 73 
24 88 00 C9 1C 00 85 08 03 09 88 10 12 08 42 20 
02 50 20 80 20 40 40 60 58 0D A0 A2 00 82 08 02 
40 CC 08 40 11 01 20 E7 01 50 04 50 80 00 40 10 
10 14 20 44 30 80 80 01 00 20 24 10 00 08 28 00 
00 05 10 00 24 00 00 80 02 02 E0 04 80 00 10 11 
20 04 04 00 24 00 64 02 05 80 04 08 00 A6 80 10 
C2 97 80 01 80 27 5A 60 48 00 26 00 64 51 A0 08 
20 22 0A 02 20 04 20 0A 90 04 00 98 E1 00 1C 08 
20 00 0C 40 AC 04 E4 C0 10 00 04 48 48 08 01 40 
AE 08 13 1C 08 88 80 40 38 40 48 00 88 00 25 80 
02 10 80 00 48 00 20 01 1C 0D 60 00 A5 00 44 04 
10 94 39 10 58 12 20 00 40 08 28 8A 81 02 82 01 
A2 04 8C 90 08 03 60 00 30 80 00 40 30 00 20 41 
20 80 94 C0 40 00 08 00 42 A4 10 84 9C 01 00 80 
08 8A 60 00 40 11 00 00 00 00 00 08 12 00 64 80 
40 00 00 88 00 10 41 40 02 01 02 80 30 80 88 20 
04 18 04 01 01 00 20 20 80 20 10 10 80 00 00 00 
20 A0 C1 40 00 48 80 50 80 00 00 02 00 02 00 08 
02 5C 05 03 04 18 04 01 02 02 80 14 00 00 08 01 
01 00 46 40 00 04 D8 40 80 02 01 1E 10 24 00 00 
89 40 09 30 00 70 04 00 00 00 60 00 38 6A 10 64 
19 04 08 20 28 00 A0 74 80 00 04 70 10 10 48 80 
08 80 03 80 00 20 01 50 24 A0 30 40 41 A0 8B 12 
0A 69 06 38 40 05 00 00 02 10 42 08 10 00 10 1A 
31 8A 00 00 22 1C 00 46 24 00 00 00 10 50 00 48 
08 02 82 41 00 10 80 80 00 00 20 0D 00 05 10 44 
05 98 02 80 A0 08 50 23 00 64 42 02 00 01 00 91 
20 0D 00 40 22 26 00 00 0C 41 00 02 80 03 10 2A 
58 80 08 88 09 10 09 08 48 04 06 01 03 90 13 04 
12 00 88 40 96 21 1C 00 09 02 41 50 21 90 83 04 
00 15 02 02 00 49 10 00 20 56 04 10 10 50 B9 80 
00 00 40 10 29 14 00 00 50 08 08 00 11 80 02 00 
88 00 00 00 00 10 80 80 00 00 00 14 25 64 00 10 
32 10 06 10 20 00 C0 21 00 20 40 10 40 02 00 20 
00 14 81 00 C3 00 00 4E 01 AE 00 08 81 16 20 11 
44 00 02 08 D1 11 00 00 00 03 88 A0 25 A0 40 80 
00 01 70 52 85 04 A9 34 20 01 44 00 01 40 44 10 
00 20 40 02 00 10 02 82 C2 41 A0 00 80 62 80 00 
80 85 52 82 22 00 20 B4 20 40 45 00 80 00 10 81 
40 28 00 46 00 90 14 60 A2 00 24 18 28 10 08 00 
29 10 02 10 80 38 00 20 20 80 48 08 08 05 11 41 
86 00 40 81 00 80 A6 0A 80 70 11 04 51 01 48 02 
4A 22 19 00 12 80 20 08 50 42 10 10 08 02 00 00 
00 82 A0 81 40 60 14 42 00 C4 49 84 58 39 00 00 
20 10 00 20 10 20 40 00 10 62 04 13 80 00 80 80 
20 2A 80 00 88 00 08 00 00 02 89 09 81 00 90 08 
00 09 02 04 00 10 04 10 0D 19 40 00 44 08 82 80 
00 A0 09 20 10 40 00 84 40 80 08 42 01 08 A1 01 
88 13 72 04 04 00 00 00 10 00 0C 12 00 00 00 49 
02 20 34 09 00 42 08 40 04 AA C2 80 20 B6 00 18 
10 00 88 44 88 04 81 01 01 01 80 A0 00 13 00 13 
C0 13 0C 00 06 80 00 2C 40 28 40 2A 4B 00 40 90 
00 10 00 90 A0 11 02 20 96 09 2C 00 28 10 C1 80 
44 04 28 0A 10 90 80 08 82 02 01 09 84 C8 0C 20 
00 02 00 24 41 70 01 48 50 08 02 00 40 20 03 00 
80 20 60 00 00 84 05 C5 09 00 60 09 00 00 09 88 
00 00 50 00 02 04 01 00 40 04 10 24 48 20 16 60 
10 02 12 14 10 84 81 09 A1 0E 81 03 24 18 80 34 
80 08 01 01 40 41 04 30 00 08 01 04 44 05 01 01 
52 42 0F 05 D8 00 80 02 40 00 00 84 10 00 A6 84 
44 00 00 04 40 40 60 00 60 01 04 05 A0 21 00 00 
00 05 83 40 4A 95 10 01 10 00 44 2A 60 58 0D 01 
05 00 B1 20 E4 03 35 C2 00 0A 0A 00 04 02 24 02 
60 42 00 41 12 45 00 02 0C 4A 84 8E 00 02 01 10 
28 0E 06 50 85 11 02 4A 12 08 43 08 00 20 44 20 
01 09 59 10 B0 08 0B E8 70 09 00 02 80 20 31 00 
A8 0C 01 20 93 00 04 06 00 52 40 84 C0 81 80 80 
11 08 A8 13 01 00 40 24 28 00 26 90 02 92 00 10 
00 85 10 08 00 4A 04 09 80 64 00 03 40 02 00 01 
28 60 10 12 60 88 41 82 01 80 08 21 08 40 00 00 
10 00 04 40 04 01 00 08 01 00 00 00 20 02 04 30 
01 02 2A 10 7E 00 44 A2 3A 88 66 45 12 48 00 02 
10 0A 01 80 06 02 26 01 02 21 00 00 18 00 81 12 
02 00 00 10 00 02 C1 A6 90 11 00 02 D0 00 08 00 
08 42 08 60 80 2C 00 81 60 01 54 21 21 00 20 21 
00 06 00 04 0D 84 02 00 12 82 62 00 44 26 00 04 
80 22 A8 82 20 00 22 20 30 04 83 88 1C 1C 50 10 
18 08 30 08 04 04 90 00 14 80 4D B9 44 17 90 24 
51 00 04 00 01 10 01 21 08 09 A8 00 2A 00 09 06 
48 02 00 00 64 00 00 00 6C 91 8C 2C 10 20 82 00 
48 40 01 00 8C 00 00 80 88 00 00 61 00 00 04 83 
01 80 00 40 A1 00 88 29 90 E1 00 00 00 81 10 90 
00 00 18 51 60 00 A8 41 10 08 00 42 82 08 00 02 
04 00 81 10 01 00 20 00 00 00 00 AA C0 00 00 00 
03 25 02 00 41 00 00 00 41 08 20 89 00 10 60 00 
08 00 00 00 04 00 06 10 01 49 01 D9 28 80 43 20 
30 00 02 02 00 02 02 40 40 40 00 30 05 E0 04 50 
12 00 32 00 68 02 24 80 0C 19 46 5A 06 18 82 C2 
22 0C C2 10 83 02 06 0D D0 72 31 02 01 04 10 85 
22 00 01 04 06 21 41 00 20 00 C0 00 85 81 64 C0 
02 92 00 08 0E 1B 00 08 10 08 22 24 C3 04 00 90 
01 00 00 02 22 00 20 00 10 01 04 84 CC 0A 2C AC 
10 24 28 80 10 26 09 0C 00 09 40 91 81 C0 42 01 
42 48 00 98 00 00 00 00 48 21 08 40 03 80 02 02 
08 4D 01 04 08 04 12 28 12 0A 18 10 E8 14 00 41 
62 40 51 40 00 90 09 91 24 02 82 20 00 2C 10 04 
A0 0C 01 40 00 45 88 C2 88 44 E9 10 68 22 09 20 
24 80 00 90 14 02 84 06 70 15 10 09 40 01 04 60 
04 00 29 41 00 83 11 60 50 43 D7 01 8C 4A 00 08 
80 15 82 08 02 40 20 08 06 80 50 00 01 05 41 23 
08 00 02 C0 80 02 52 06 10 00 28 10 44 00 1E 00 
08 20 08 21 14 00 14 00 00 01 00 4C 08 34 60 02 
21 10 19 20 82 F2 A1 14 42 86 11 21 41 48 06 40 
0A 02 80 88 00 18 20 00 12 00 02 04 02 02 14 04 
32 5C 00 40 04 C0 50 02 01 01 00 08 10 01 00 00 
52 C0 05 D8 04 20 20 00 00 0A 08 00 18 10 09 86 
82 1C 04 30 44 80 42 46 00 02 80 40 40 81 C1 00 
03 00 12 00 08 08 10 00 00 C8 80 04 00 22 10 02 
92 41 01 00 20 44 C2 84 04 81 00 02 00 01 01 50 
C5 13 04 2A 24 00 58 80 00 10 30 06 50 0A 00 08 
80 00 00 48 01 84 8C 20 44 04 41 61 D9 00 82 28 
00 10 00 44 00 00 04 00 40 80 40 00 60 08 04 00 
48 02 24 03 80 03 10 00 84 80 44 80 A2 08 C4 00 
