20 10 1A 40 06 40 02 60 88 29 09 32 00 04 40 00 
07 09 00 2C 83 20 00 26 13 24 00 E9 91 28 14 2C 
00 10 10 10 00 80 00 40 58 20 22 02 42 00 8A 35 
10 08 00 28 02 00 80 40 40 11 3A 60 00 36 50 02 
85 80 44 40 00 04 12 61 20 00 20 A1 80 C2 43 C9 
2A 00 82 85 38 45 25 40 A0 11 08 D4 11 08 24 04 
10 1B 04 10 01 00 44 42 02 06 82 00 10 00 00 80 
20 C1 04 01 08 20 04 21 00 01 83 21 00 04 40 44 
10 00 00 24 00 20 20 00 10 00 02 00 08 00 80 68 
20 48 06 48 00 00 09 11 08 00 10 01 00 40 00 52 
08 02 01 70 03 22 B4 00 12 02 03 06 00 0C 00 00 
2A 40 01 04 08 44 85 30 00 40 01 20 00 41 00 05 
18 10 36 15 22 00 00 08 05 82 81 08 80 20 00 08 
00 00 3E C0 2B 00 21 83 70 15 00 02 80 84 02 30 
28 00 80 08 84 60 00 49 04 22 10 20 20 40 04 73 
24 88 04 C9 1C 00 A1 18 03 0D 88 10 32 08 42 00 
02 50 20 80 20 00 40 60 58 4C A0 E2 00 82 08 02 
40 CC 08 40 11 01 20 E3 01 50 04 12 80 00 40 30 
10 54 20 04 30 80 82 04 00 00 04 10 00 08 28 00 
00 05 10 00 24 00 00 80 02 02 60 04 00 00 10 11 
20 04 04 00 24 00 64 02 84 81 04 08 00 86 80 00 
C2 95 80 01 80 27 5A 60 58 00 26 00 E4 59 A0 88 
20 22 0A 02 22 84 20 0A 90 04 00 D8 E1 00 1C 88 
28 00 0C 40 A8 04 E4 C0 50 00 04 48 48 08 01 40 
AE 08 13 10 00 88 80 40 38 40 48 00 80 00 25 80 
02 10 80 00 40 10 20 01 0C 0D 60 00 A5 40 44 04 
10 90 29 10 58 12 30 00 00 08 A8 82 81 02 82 01 
A2 04 8D 90 08 0A 60 00 20 82 20 40 30 02 20 C1 
30 80 94 C0 40 00 08 00 42 A0 50 84 9C 01 00 C0 
08 8A 60 02 40 11 00 00 00 00 00 28 12 00 64 80 
40 00 10 88 00 10 51 C0 02 01 02 80 30 80 0A 00 
04 18 04 01 01 00 20 20 80 20 10 10 00 00 00 00 
22 A0 C1 60 00 40 80 50 80 00 10 02 00 02 00 08 
02 5C 01 03 00 08 04 00 02 02 80 14 00 00 08 51 
01 08 46 04 00 24 D8 40 80 02 01 1E 10 24 40 00 
89 40 09 30 80 70 24 00 00 00 60 00 38 62 10 44 
19 24 08 20 08 00 A0 74 C0 60 04 70 10 10 48 80 
08 80 03 80 00 20 01 50 24 E1 30 40 C1 A0 8B 12 
0A 49 0E 18 40 05 00 00 02 00 42 09 10 00 10 1A 
31 8A 00 01 20 1C 00 56 64 20 00 00 10 50 40 C8 
08 42 82 41 20 10 80 84 14 00 20 0D 00 04 10 44 
05 B8 02 80 80 08 50 23 20 64 42 02 00 08 00 91 
20 9D 00 61 22 26 00 00 0C 51 00 02 80 03 10 22 
40 80 08 C8 09 01 09 88 48 04 26 01 03 90 02 04 
12 00 88 40 1E 21 1C 00 49 02 41 50 21 90 83 04 
00 15 02 22 00 5B 10 00 20 56 06 10 04 50 B9 80 
00 00 40 10 69 10 10 40 50 08 08 08 91 88 06 00 
88 00 00 00 04 12 90 88 00 00 00 10 35 64 00 10 
36 10 06 10 A0 08 C0 01 00 00 48 00 40 0A 08 20 
00 10 81 00 82 00 00 4A 01 AE 00 04 81 16 20 11 
44 04 02 08 D1 01 00 00 00 03 88 B0 35 B0 40 84 
40 00 70 32 85 04 09 34 20 01 44 00 01 40 44 10 
00 28 40 06 40 10 03 82 C2 41 81 00 80 72 80 80 
80 85 76 82 22 20 20 94 20 40 45 00 80 00 10 81 
42 28 00 44 00 90 14 60 A2 00 04 18 28 10 08 00 
29 10 00 10 80 30 00 20 20 10 00 08 08 04 13 41 
86 80 40 91 00 80 A6 0A 80 51 51 04 51 01 48 02 
4A 22 59 00 12 80 20 68 50 42 00 90 08 06 00 00 
40 92 A0 00 40 20 14 C2 00 C0 49 84 58 39 00 00 
20 10 00 20 10 20 40 00 14 62 04 73 80 40 80 90 
20 2A 80 00 88 00 08 00 01 02 89 01 81 00 90 00 
00 09 02 04 00 10 04 10 0D 19 40 00 44 08 82 80 
00 A0 09 24 10 40 00 84 48 80 08 42 01 28 A1 01 
88 13 72 04 04 00 00 00 11 00 0C 12 00 40 00 48 
02 20 34 09 00 42 88 42 04 AA C2 80 20 B2 02 18 
10 00 88 40 88 01 81 01 01 21 00 A0 00 13 00 11 
C0 13 0C 80 06 80 20 2C 40 28 00 22 4B 00 42 90 
50 10 00 90 B0 11 02 20 96 09 3C 00 28 10 C1 80 
44 04 28 0A 10 98 80 08 82 02 01 09 84 C8 0C 20 
02 80 00 34 41 70 01 48 5A 28 06 00 40 20 03 00 
80 20 70 02 08 84 05 C5 09 00 60 09 00 08 09 88 
00 00 50 40 00 04 01 00 40 24 10 24 48 20 96 60 
10 02 12 14 10 84 81 1D 81 0E 81 03 04 1C 00 34 
80 18 01 01 40 45 05 30 00 08 01 04 4C 05 01 01 
52 42 0D 05 90 00 80 02 40 00 40 84 10 00 A6 84 
44 04 00 04 40 44 60 00 60 01 84 05 A0 25 00 00 
00 05 03 40 4A 95 10 01 08 00 44 2A 60 58 0D 01 
05 00 B1 20 F4 43 35 C2 00 0A 0A 00 84 02 24 02 
20 42 00 41 12 45 00 00 0C 4A 04 8E 00 02 01 10 
28 0E 06 50 84 18 02 4A 12 20 43 0A 00 28 44 20 
09 09 59 10 B0 08 0B E8 70 09 00 02 80 20 11 00 
A8 04 01 20 93 00 26 16 00 56 40 84 C0 81 80 00 
11 08 28 13 01 00 40 24 28 00 26 90 02 92 00 10 
00 95 18 08 00 4A 04 09 80 64 00 03 40 02 00 0B 
28 60 10 06 60 88 41 82 01 80 08 20 08 40 00 10 
10 00 04 40 04 01 00 08 81 00 00 00 20 02 0C 30 
01 02 2A 10 7E 00 44 A2 3A 88 26 4D 12 4C 00 00 
10 0A 01 80 06 02 26 21 02 21 00 02 18 00 81 12 
02 10 00 00 00 22 C5 A6 90 11 00 02 D0 00 00 00 
08 02 08 60 80 0C 00 81 60 01 54 21 23 00 24 21 
00 02 00 04 0D 84 02 00 12 82 62 00 44 06 00 00 
80 2A A8 82 20 00 22 20 30 05 83 08 1C 08 51 10 
18 08 38 08 04 05 90 00 14 80 4D B9 44 17 D4 24 
51 10 04 00 01 10 01 21 08 09 A8 00 2B 00 09 06 
40 02 00 00 64 00 00 00 6C 91 8C AC 14 22 82 00 
48 41 01 00 84 00 00 81 8A 00 00 61 00 00 04 83 
00 80 00 40 A1 20 88 29 98 E1 40 00 00 81 10 90 
00 01 1C 11 60 00 A8 41 10 08 00 42 82 0C 00 10 
04 00 81 14 01 00 20 00 00 00 00 AA C4 04 00 00 
03 25 02 00 61 00 00 00 61 08 20 C9 00 10 60 10 
08 00 08 00 00 00 06 10 01 49 20 DB 28 80 43 00 
30 00 02 0A 00 02 02 40 C0 40 00 20 05 E0 0C 50 
12 00 22 00 68 02 25 80 0C 19 42 5E 04 18 82 C2 
22 0C C2 18 83 02 06 0D D2 72 31 02 01 06 10 81 
22 00 00 44 06 20 41 00 20 00 C0 00 07 85 44 C0 
02 82 80 08 2E 9B 00 00 10 08 22 24 C3 04 00 90 
00 00 80 02 22 00 20 00 10 81 04 85 CC 0A 2C AC 
10 24 28 80 10 26 09 04 01 09 40 91 81 C0 42 01 
42 48 00 98 00 00 00 00 48 21 08 C0 53 80 02 02 
0C 4D 01 04 08 04 12 28 12 1A 18 90 E8 14 00 41 
62 40 51 40 00 90 09 90 24 02 82 20 00 2C 10 04 
A0 0C 05 40 00 45 88 C2 E8 46 ED 10 68 20 09 20 
24 80 02 90 14 02 85 07 70 14 10 01 40 01 04 E0 
04 20 29 41 00 83 11 60 50 43 D7 01 8C 4E 90 08 
86 14 82 00 42 00 20 08 06 80 10 00 01 05 41 23 
08 00 22 80 00 90 52 26 10 00 28 30 64 00 1E 00 
08 25 08 21 14 00 14 00 10 01 00 4C 08 14 70 04 
21 10 09 10 82 F2 A1 14 42 86 11 21 41 09 0E 40 
0A 02 80 88 00 18 20 00 18 00 02 04 02 02 14 04 
32 5C 00 40 44 C0 50 02 01 11 08 08 10 01 00 00 
56 C0 05 D9 08 20 20 00 00 0A 08 00 18 10 0B 86 
82 1C 04 30 44 80 48 42 00 22 C8 40 40 81 83 00 
0B 00 12 00 08 08 10 00 00 C8 80 04 00 22 10 02 
92 41 01 00 20 44 C2 84 04 81 00 02 01 01 01 50 
C4 13 14 6A 64 00 58 80 10 10 00 06 50 02 00 08 
80 08 00 48 01 8C 8C 20 44 04 61 61 D9 00 82 28 
00 10 00 44 00 00 04 00 40 82 40 00 60 0A 04 00 
48 02 24 03 80 03 10 00 84 A0 64 80 A2 08 C4 00 
