00 10 1A 00 06 00 02 60 88 29 09 30 00 04 00 00 
07 09 00 28 83 20 04 26 13 04 00 E9 90 28 14 20 
00 10 10 12 00 80 00 40 58 20 22 02 42 00 8A 15 
10 00 40 28 02 00 C0 40 40 01 3A 60 00 36 50 02 
85 80 44 C0 02 04 12 60 20 01 20 A1 00 C2 43 C9 
2A 00 82 05 10 45 24 40 A0 19 08 D4 10 08 04 04 
10 1A 04 00 01 00 40 42 02 0E 82 00 10 00 00 80 
20 C1 04 01 08 20 04 21 00 00 83 21 00 44 00 44 
90 00 00 24 00 20 20 00 11 00 02 00 08 00 80 68 
20 48 06 48 00 00 09 11 08 00 10 05 00 42 00 52 
08 02 01 70 01 02 90 00 12 02 03 06 00 0C 00 00 
0A 40 21 04 08 44 05 30 00 40 01 20 00 41 00 05 
18 10 36 15 20 00 00 08 05 82 81 08 80 20 00 08 
00 00 1E C0 2B 00 20 83 70 11 00 02 80 84 00 30 
28 00 80 08 04 20 00 49 04 22 10 20 20 40 04 33 
24 88 04 C9 1C 00 A1 08 03 09 08 10 12 08 42 20 
02 50 A0 80 20 40 41 60 50 4C A0 A2 00 82 08 02 
40 4C 0A 40 11 01 20 E7 01 50 04 50 80 00 40 10 
10 14 20 44 30 A0 82 01 00 00 04 10 00 00 28 00 
00 05 10 00 24 00 00 80 82 02 80 04 80 00 00 11 
20 04 04 00 34 00 64 02 05 80 04 08 00 86 81 10 
C2 97 80 01 80 27 5A 60 48 00 26 00 64 01 E0 08 
20 22 0A 02 22 04 20 0A 90 04 00 98 A1 00 18 88 
20 80 0C 00 AC 04 E4 C0 10 00 04 48 08 08 00 40 
AE 00 33 14 08 88 80 40 38 40 48 00 88 80 25 80 
02 10 80 00 08 10 20 01 18 0D 60 00 A5 40 C4 00 
30 90 29 10 50 12 20 00 40 08 20 8A 81 02 82 01 
A2 04 8D 90 08 0B 60 00 30 80 00 40 30 10 28 41 
20 80 94 C0 40 00 08 00 42 A4 50 84 98 01 00 80 
08 8A 60 00 40 01 00 00 00 00 00 28 12 00 60 82 
40 00 10 88 00 10 51 40 02 01 02 80 30 80 88 20 
04 18 04 01 01 10 20 20 80 20 10 10 00 00 00 00 
22 A8 C1 60 00 48 80 50 80 00 00 02 00 02 00 08 
02 0C 01 03 00 08 04 00 02 02 80 14 00 00 08 11 
01 00 46 04 00 04 D9 40 80 02 01 1E 10 A4 00 00 
89 40 08 30 00 70 24 00 00 00 60 00 38 6A 10 40 
19 24 28 20 29 00 A0 74 00 00 04 30 08 10 08 80 
08 80 03 81 80 20 01 50 24 E0 30 40 41 A0 8B 12 
8A 69 0E 18 40 05 00 00 02 10 02 08 10 00 10 1A 
31 8A 00 00 22 1C 00 56 24 00 00 00 00 C0 00 C8 
08 40 82 41 20 10 80 80 00 00 00 0D 00 04 10 44 
05 98 02 80 80 08 50 23 00 64 42 02 02 01 00 81 
20 0D 00 41 22 06 00 40 0C 51 00 02 80 03 10 02 
50 80 08 88 09 00 09 88 48 04 06 01 03 90 13 00 
12 00 80 40 96 21 1C 00 49 02 41 50 21 90 83 04 
00 14 02 22 00 59 10 00 20 56 04 10 10 50 B9 80 
00 00 40 10 69 14 10 00 50 08 08 00 11 80 06 00 
88 00 00 00 00 10 90 80 00 00 00 10 25 64 00 10 
36 10 06 10 20 00 80 01 00 00 48 10 40 02 00 20 
00 10 80 00 C2 04 00 4E 01 AE 00 08 81 16 20 11 
44 00 02 08 50 01 00 00 00 03 88 80 21 A0 40 80 
00 00 70 32 05 04 09 30 20 00 44 00 01 40 44 10 
00 24 40 06 40 01 02 82 C2 41 80 00 80 62 80 80 
80 85 56 82 22 20 20 B4 20 00 45 00 80 00 10 85 
42 28 00 44 00 90 14 60 A2 00 04 18 28 10 08 04 
09 10 02 12 A0 30 00 20 20 80 00 08 08 04 13 41 
86 80 40 91 00 80 A4 0A 80 50 50 04 51 00 48 02 
4E 22 59 00 12 80 20 28 50 42 00 10 08 06 00 00 
00 92 A0 00 40 20 14 C2 00 C4 41 84 18 31 02 00 
20 10 00 20 10 20 40 00 10 62 04 33 00 00 80 80 
20 2A 80 00 88 00 08 00 00 03 89 01 81 00 90 00 
00 01 02 04 00 00 04 10 0D 19 40 00 44 08 82 80 
00 A0 09 20 10 41 00 84 48 80 08 42 01 28 81 01 
88 13 72 04 04 00 00 00 11 00 0C 12 00 00 00 49 
02 20 34 09 00 02 88 40 04 AA C2 80 20 B2 00 18 
10 04 80 40 88 00 81 20 01 21 80 A0 00 13 00 13 
C0 13 0C 00 06 80 20 2C 40 28 00 22 49 00 40 90 
00 10 00 90 A0 11 02 20 96 08 2C 00 28 10 C1 80 
44 04 28 0A 04 90 80 08 82 02 01 09 84 C8 0C 20 
02 42 00 14 41 70 01 48 10 08 00 00 40 20 03 00 
80 20 70 00 00 84 05 84 09 00 60 09 00 00 09 88 
00 00 50 00 01 04 01 00 40 04 10 24 48 20 16 60 
10 02 12 14 10 84 81 0D A1 0E 81 03 24 18 80 34 
80 08 01 09 40 40 44 10 00 08 01 04 44 05 01 01 
50 42 0D 05 D0 00 80 02 40 02 40 04 10 00 A4 84 
44 04 00 04 00 44 60 00 60 00 04 05 A0 65 00 00 
00 05 03 40 4A 95 10 01 18 00 44 2A 60 52 0D 01 
05 00 B1 20 A4 01 35 82 00 0A 0A 00 04 02 04 02 
20 42 00 41 12 41 00 02 0C 4A 84 8C 00 02 01 10 
28 0E 06 50 84 08 02 4A 12 08 43 08 00 28 44 30 
09 09 59 10 B0 08 0B E8 70 09 00 02 80 20 31 04 
A8 4C 00 20 92 80 04 16 00 56 40 84 C0 81 80 08 
31 08 2A 13 01 00 00 24 08 00 26 10 02 92 00 10 
00 95 18 08 00 4A 04 09 80 24 00 03 40 02 00 01 
08 60 10 16 20 88 41 82 01 80 08 20 08 40 00 00 
10 00 04 40 04 01 00 00 01 00 00 00 20 02 04 30 
00 02 2A 10 5E 00 44 A2 3A 88 66 05 12 48 00 00 
10 0A 01 80 06 02 26 00 02 01 00 02 18 00 81 12 
02 00 00 10 00 02 C0 24 90 11 40 00 D0 00 00 00 
08 02 08 60 80 04 00 81 60 01 54 21 23 00 24 21 
00 02 00 00 0D 84 02 00 12 82 62 00 04 06 00 04 
80 22 A8 82 20 00 22 20 30 04 83 00 1C 0E 50 10 
18 08 30 00 04 06 10 00 10 80 4C B9 44 17 D0 64 
51 00 04 00 01 10 01 21 08 09 A0 00 2A 00 08 06 
40 02 00 00 64 00 00 00 64 91 8C 24 30 20 82 00 
C8 41 01 20 8C 20 00 80 C8 00 00 61 00 00 04 93 
41 81 00 40 A1 80 88 29 98 E1 00 00 00 85 10 10 
00 00 18 51 60 00 A8 41 10 08 00 42 82 08 80 00 
04 00 81 10 00 00 20 00 40 00 00 AA C0 00 00 00 
03 25 02 00 40 00 00 00 41 08 20 A9 00 10 60 10 
08 00 00 00 00 00 06 10 01 49 20 D9 20 80 43 00 
30 00 02 02 00 02 02 40 40 40 00 20 05 E0 04 50 
12 00 22 00 68 02 24 80 0C 19 42 5E 04 18 82 C2 
22 0C C2 10 83 02 06 05 D0 72 31 02 01 04 10 81 
22 00 01 44 06 21 41 00 20 00 C0 00 07 80 64 C0 
02 82 80 08 0E 9B 00 08 00 00 22 24 C3 04 00 80 
00 00 02 0A 26 00 00 00 10 81 14 05 46 0A 2C AC 
10 24 28 80 10 36 01 04 01 09 40 91 81 C0 42 01 
42 48 00 98 00 00 00 00 48 21 08 41 03 00 02 02 
08 4D 01 04 08 04 92 20 12 0E 10 90 E8 14 00 41 
62 40 51 42 00 90 09 91 24 02 82 20 00 2C 00 04 
A0 0C 01 40 00 05 88 C2 A8 44 A9 00 28 20 09 20 
64 80 00 80 14 02 84 47 70 15 00 09 40 01 04 60 
04 00 29 41 00 83 11 60 50 43 D7 01 8C 4E 80 08 
80 15 82 00 02 40 20 08 06 80 50 00 01 05 41 23 
08 00 02 A0 80 00 52 06 10 00 28 10 44 00 1E 00 
08 20 08 21 14 00 14 00 00 00 00 4C 08 15 70 00 
21 10 19 30 82 72 81 14 42 86 11 03 41 08 0E 40 
0A 02 90 88 00 18 22 00 1A 00 02 04 02 02 14 04 
32 5C 10 40 04 C0 50 02 01 11 00 08 12 01 00 00 
52 C0 05 D8 08 20 20 00 00 08 08 00 18 10 09 86 
82 1C 04 30 44 00 42 46 00 02 C0 40 40 81 81 00 
03 00 12 80 08 08 10 00 00 C8 80 04 00 22 10 02 
92 41 01 00 20 44 C2 84 04 83 00 82 00 01 01 50 
C5 13 04 2A 24 00 50 80 10 10 30 06 58 02 00 00 
80 08 00 48 01 84 8C 20 44 04 41 61 D9 00 82 28 
00 10 00 45 00 00 04 00 40 80 50 00 60 0A 04 00 
48 02 24 03 80 03 10 00 84 80 44 80 A2 08 C4 00 
