00 10 1A 00 06 00 02 60 88 29 09 32 00 04 40 00 
C7 09 00 2C 03 20 04 26 13 24 00 E9 81 28 14 2C 
00 10 10 10 00 80 00 40 58 21 22 02 42 00 8A 15 
10 00 40 28 02 00 80 40 40 10 3A 60 00 36 50 02 
85 80 44 40 00 04 12 20 20 01 60 A1 80 C2 43 C9 
2A 00 82 05 10 45 24 40 A0 11 08 D4 10 18 04 04 
10 1A 04 00 01 00 40 42 02 06 82 00 12 00 00 80 
20 C1 04 01 08 20 04 21 00 00 83 21 00 04 40 44 
90 00 00 24 00 20 20 00 11 00 02 00 08 00 80 48 
20 48 06 08 00 00 09 11 08 00 10 05 00 40 00 52 
08 02 00 70 01 00 B4 00 02 12 03 06 00 0C 00 00 
02 40 21 14 08 44 85 30 00 40 01 20 00 40 00 05 
18 10 36 15 22 00 00 08 05 80 83 08 80 20 00 08 
00 00 3E C0 2B 00 20 83 70 10 00 02 80 84 00 30 
28 00 80 08 04 60 00 49 04 22 10 20 30 40 04 33 
24 88 04 C9 1C 00 A5 18 03 09 88 10 12 08 42 20 
02 50 20 80 20 00 41 60 50 4C A0 E2 00 82 08 02 
40 4C 08 40 11 01 20 E7 01 50 06 50 80 00 40 10 
10 10 22 44 30 82 80 05 00 20 24 10 00 00 28 00 
00 04 10 00 24 00 00 80 02 02 60 04 00 00 10 11 
20 04 04 00 34 00 64 02 05 80 04 08 00 86 80 10 
C2 97 80 01 80 27 5A 60 58 00 26 00 64 41 E0 08 
A0 22 0A 02 80 84 20 0A 90 04 00 98 E1 04 1C 08 
20 80 0C 40 AC 04 E4 C0 50 00 04 08 48 00 01 40 
AE 08 13 18 00 88 80 40 38 40 48 00 88 82 25 80 
02 10 80 00 48 10 20 01 18 0D 60 00 A5 40 C4 04 
10 90 39 19 58 12 20 00 40 08 20 8A 81 02 82 01 
A2 04 8C 90 08 03 60 00 20 80 00 40 30 00 20 41 
20 C0 94 C0 40 00 08 00 42 A4 10 84 9C 01 00 80 
08 8A 60 00 40 01 00 00 00 00 00 28 12 00 60 80 
40 00 10 88 00 10 45 C0 02 01 02 80 30 80 0A 00 
04 18 04 01 01 00 00 20 80 20 10 10 80 00 00 00 
20 A8 C0 60 00 48 80 50 80 00 00 02 01 02 00 08 
02 4C 05 03 00 08 04 01 02 02 80 14 00 00 08 01 
01 00 46 44 08 04 D8 40 80 02 01 1E 10 24 40 00 
89 40 08 30 00 70 24 00 00 80 60 00 38 6A 10 60 
19 24 08 20 28 00 A0 F4 80 00 04 30 18 10 08 80 
08 80 03 81 00 20 00 50 24 C1 30 40 C1 A0 8B 12 
0A 69 06 18 40 05 00 00 02 10 02 08 10 00 10 1A 
31 8A 00 01 22 1C 00 56 20 00 00 00 10 D0 10 C8 
08 40 82 41 20 10 80 80 14 00 20 0D 00 04 10 44 
05 B8 02 80 82 08 50 03 00 64 42 02 00 00 00 80 
20 0D 00 41 22 06 00 40 0C 51 00 02 80 01 10 22 
50 80 08 C8 09 00 09 88 40 04 06 01 03 90 11 04 
12 00 88 42 96 21 0C 00 09 12 41 52 21 90 83 04 
01 14 42 22 00 59 10 00 20 56 06 10 00 50 B9 80 
00 00 40 10 29 16 10 00 50 08 08 00 91 88 02 24 
88 00 00 00 00 10 80 8A 00 00 00 90 35 64 00 10 
36 10 06 10 20 00 C0 01 00 20 48 10 50 02 00 20 
00 14 80 00 82 00 00 4E 01 AE 00 00 81 16 00 11 
44 00 02 08 D0 11 00 00 00 03 88 A0 05 A0 40 84 
08 01 70 72 85 04 A9 34 20 00 44 00 01 40 44 10 
00 24 40 06 00 11 03 02 42 41 A1 00 80 62 80 00 
80 85 56 82 22 20 20 B4 20 00 45 00 80 00 10 81 
42 28 00 44 80 90 14 60 A2 00 24 18 28 00 08 00 
29 00 02 10 80 30 00 20 20 90 40 08 08 05 13 41 
06 80 40 91 00 80 86 02 80 70 51 04 51 00 48 02 
4E 22 59 00 12 80 20 28 50 42 10 90 08 02 00 00 
00 92 A0 00 40 20 14 C2 02 C4 49 04 58 39 02 00 
20 10 00 20 10 20 40 00 10 62 06 11 80 40 80 80 
20 2A 80 01 08 00 08 00 00 03 89 09 81 00 90 00 
00 01 02 04 00 10 04 10 0D 19 40 00 44 08 82 80 
00 A0 89 24 10 41 00 84 48 80 08 42 01 28 A1 01 
88 13 52 04 04 00 00 00 11 00 0C 12 00 00 00 48 
02 20 34 09 00 42 08 42 04 AA C2 80 20 A6 02 18 
10 00 88 44 88 05 81 00 01 01 90 A0 00 13 00 13 
40 13 0C 00 16 80 20 2C 40 28 40 22 4B 00 40 90 
40 10 00 90 B0 11 02 20 96 09 2C 00 28 10 C1 82 
44 04 28 0A 04 88 80 08 82 02 01 09 84 C8 0C 20 
00 02 00 B4 41 70 01 48 12 08 02 00 40 20 03 00 
80 00 70 02 00 84 05 C5 09 00 60 09 00 00 29 88 
00 00 50 00 00 04 00 00 40 04 10 24 48 20 96 60 
10 02 12 14 10 84 81 0D A1 0E 81 03 24 18 80 34 
80 08 01 01 40 40 44 30 00 08 01 04 44 05 01 01 
52 42 0D 05 90 00 80 02 40 00 40 84 10 00 A6 84 
44 00 00 04 00 40 60 00 60 01 84 05 A0 45 00 00 
00 05 03 40 4A 95 10 01 00 20 44 2A 60 58 0D 01 
05 00 B1 20 F4 01 35 C2 80 0A 08 00 84 02 24 02 
64 42 00 41 13 45 00 00 0C 42 84 8E 00 02 01 10 
28 0E 06 50 84 18 02 4A 12 08 43 08 00 28 44 20 
01 09 58 10 B0 08 0B E8 70 09 00 02 80 20 11 00 
A8 04 41 20 90 80 04 16 00 52 40 84 C0 81 80 88 
31 08 0C 13 01 00 40 25 28 00 24 90 02 12 00 10 
00 95 18 08 00 4A 24 09 80 24 00 03 40 02 00 01 
28 60 10 16 60 88 41 82 01 80 08 20 08 40 10 10 
10 00 04 40 04 01 00 08 01 00 00 00 20 02 04 30 
00 02 2A 10 5E 00 40 A2 3A 88 66 4D 12 4C 00 02 
10 0A 01 80 06 02 26 00 02 01 00 00 18 00 80 12 
02 10 00 00 00 02 C1 A6 90 11 01 00 D0 00 01 08 
08 02 08 68 80 0C 02 81 60 01 54 21 20 00 20 21 
00 02 00 04 0D 84 03 00 12 82 62 00 04 26 00 04 
80 2A A8 8A 20 00 22 20 30 04 83 08 1C 0C 50 10 
18 08 30 00 04 05 91 00 14 80 0C B9 44 17 D4 64 
51 10 04 00 01 10 01 21 08 09 A8 00 2A 00 08 06 
40 02 00 00 60 00 00 00 64 91 8C 24 14 20 82 00 
08 41 01 00 8C 00 00 91 88 00 00 61 20 00 04 83 
00 80 00 40 A1 20 88 29 98 E1 00 20 00 81 10 90 
00 01 18 11 60 00 A8 41 10 08 00 42 82 08 00 10 
04 10 81 10 01 00 20 00 00 00 00 AA C4 00 00 08 
03 25 00 00 60 00 00 00 41 08 20 A9 00 10 60 00 
08 00 00 00 00 00 06 10 01 49 20 D9 28 80 43 20 
30 00 02 02 00 02 02 40 C0 40 00 20 05 E0 04 50 
12 00 32 00 68 02 25 C0 0C 18 42 7E 0C 18 82 C0 
22 0C C2 10 83 02 06 05 D0 72 31 02 01 06 10 85 
23 00 03 04 06 20 41 00 20 00 C0 00 87 80 64 C0 
02 82 80 00 0E 9B 00 08 00 08 22 24 C3 04 00 80 
00 00 82 02 22 00 00 00 10 81 04 85 4C 0A 2C A8 
12 24 28 80 10 36 01 04 01 09 40 81 81 C0 42 01 
42 48 08 98 00 80 02 00 48 21 08 40 53 80 02 02 
08 4D 01 04 08 04 12 28 12 0A 10 10 E8 14 00 41 
62 40 51 40 00 90 09 90 04 02 82 20 00 2C 10 04 
A0 0C 01 40 00 45 88 C2 88 40 C9 10 68 20 09 20 
24 80 04 80 14 02 85 05 70 04 10 09 40 01 04 60 
04 00 29 40 00 83 11 60 50 43 D7 01 8C 4F 80 08 
85 15 82 00 02 40 20 08 06 80 10 00 01 05 01 23 
08 00 02 C0 80 00 52 06 10 00 38 10 44 00 1E 00 
08 24 18 21 14 00 14 00 10 01 00 4C 08 14 70 00 
21 10 09 10 02 F2 A1 14 42 84 11 01 41 48 0E 40 
0A 02 80 88 00 18 20 00 1A 00 02 04 02 02 10 04 
B2 5D 00 40 44 C0 50 02 01 11 00 08 10 21 00 00 
52 C0 05 DB 09 20 20 00 00 0A 08 00 18 10 09 86 
82 1C 04 10 44 80 4A 42 00 12 88 40 20 81 81 00 
0B 00 12 80 08 0C 10 00 00 C8 80 06 00 22 10 02 
92 41 01 00 20 44 C2 84 04 81 00 02 00 01 01 40 
C4 13 04 6E 20 00 58 80 10 10 10 06 50 02 00 08 
80 08 00 48 01 8C 8C 20 44 04 40 61 D9 00 82 28 
00 10 00 44 00 40 04 00 40 80 40 00 60 0A 04 00 
48 02 24 03 80 03 40 00 84 80 64 80 A2 08 C4 00 
