20 10 1A 40 06 40 02 60 88 29 09 32 08 04 40 00 
87 09 00 2D 03 30 04 26 13 24 01 E9 81 28 14 2C 
00 10 10 10 00 80 00 40 58 21 22 06 42 00 8A 14 
52 08 40 28 02 00 C0 40 40 11 3A 60 00 36 50 02 
85 80 44 40 22 04 12 61 20 01 60 A1 00 C2 43 C9 
2A 00 82 85 38 45 24 40 A0 19 08 D4 10 18 24 04 
90 1A 44 00 01 00 44 42 42 06 82 00 12 00 00 88 
20 C1 04 11 08 20 04 21 00 00 83 23 00 04 00 44 
10 00 00 24 00 20 20 00 10 00 02 00 08 00 80 48 
20 48 06 48 00 00 09 11 00 00 10 01 00 40 00 52 
09 02 01 70 03 22 B4 00 12 12 03 06 00 0C 00 00 
22 40 01 14 08 44 85 30 00 40 41 20 00 41 00 25 
18 10 36 55 22 00 00 88 05 82 81 08 80 2C 00 08 
00 10 3E C0 2B 00 20 83 70 11 00 02 80 84 00 30 
28 00 81 88 84 60 00 49 04 20 10 00 20 40 04 73 
24 C8 04 C9 1C 00 A5 18 0F 0D 88 10 12 08 42 20 
02 50 A0 80 20 40 40 60 58 4C A0 A2 00 82 08 02 
60 4C 0A 40 11 01 20 E3 01 50 04 10 80 00 40 30 
10 14 20 44 30 80 82 01 00 00 04 10 00 08 28 00 
00 05 10 00 25 00 00 80 82 02 E0 04 80 00 10 11 
30 05 24 00 34 00 64 02 85 83 04 08 00 86 82 00 
C2 97 80 01 80 27 5B 62 D8 00 26 00 E4 51 A0 88 
A0 26 0A 02 22 84 20 0A 90 04 00 D8 E1 00 1C 88 
28 00 0C 40 AC 04 E4 C0 50 00 04 48 48 28 01 40 
AE 28 13 18 08 88 80 40 3C 40 48 00 88 82 25 80 
02 10 00 00 48 11 20 01 08 0D 60 04 A5 40 C4 04 
30 90 39 10 58 12 21 00 40 08 28 8A 81 02 82 03 
A2 04 8D 91 08 0B 60 00 30 82 20 40 30 02 20 C1 
20 80 9C C0 44 00 08 02 42 A4 50 84 90 01 00 C0 
08 8A 60 02 40 11 00 00 00 00 00 28 12 00 60 82 
40 20 10 A8 80 10 41 40 02 01 02 80 30 80 0A 00 
04 18 04 01 01 10 00 20 80 20 18 10 08 00 00 00 
22 A8 C1 60 00 42 80 50 80 00 01 02 00 02 00 08 
02 5C 05 0B 04 08 04 00 12 02 80 16 00 00 08 01 
01 08 46 04 00 04 D9 40 80 02 01 1E 10 A4 40 00 
89 40 09 30 A0 70 24 00 01 00 60 00 30 6A 10 64 
19 24 38 20 28 00 A0 74 80 20 04 30 50 10 48 80 
08 82 03 81 80 20 01 50 24 E1 30 40 41 A0 8B 12 
8A 49 0E 38 40 05 00 00 02 10 42 28 10 00 10 1A 
31 8A 00 00 22 1C 00 56 64 00 04 00 10 D0 40 D8 
08 42 82 41 20 10 80 80 14 00 20 0D 00 04 10 44 
05 B8 02 81 80 08 D0 23 20 64 42 42 00 09 00 91 
A0 8D 00 41 22 26 00 40 0C 41 00 02 80 03 10 22 
58 80 08 C8 49 10 09 88 48 04 26 01 03 90 12 04 
12 00 88 40 96 61 0C 00 49 02 41 50 21 90 83 04 
00 15 42 22 00 5B 10 10 20 56 06 10 10 50 B9 80 
10 20 40 10 69 16 10 00 50 08 08 08 91 88 06 20 
88 00 00 00 00 10 90 80 00 00 00 90 25 64 00 10 
36 11 06 10 A0 00 C0 21 00 10 48 10 50 0A 00 20 
00 14 A0 00 82 00 80 4E 01 AE 00 08 81 16 00 11 
44 04 02 08 D0 31 00 00 00 03 88 A2 05 A0 42 84 
48 00 70 72 85 04 A9 34 20 01 4C 00 01 40 44 10 
00 24 40 06 00 00 03 0A C2 45 A1 00 80 72 80 80 
90 85 76 82 22 2A 20 94 20 00 45 00 80 00 10 81 
42 38 00 47 80 90 14 60 A2 01 04 18 28 00 08 04 
09 10 02 13 04 B8 00 20 30 88 48 08 08 04 13 41 
86 80 00 91 00 80 A6 0B 80 51 51 04 51 00 48 02 
4E 2A 59 00 32 A0 20 68 50 42 10 90 08 06 00 00 
00 93 A0 01 40 20 14 C2 02 C6 49 84 58 39 00 00 
20 10 00 20 10 20 40 00 14 62 06 7B 80 40 80 80 
20 2B C0 21 88 00 08 00 01 03 89 01 81 00 90 08 
00 09 12 04 00 50 14 10 0D 19 40 00 44 08 82 80 
00 A0 0B 20 10 41 00 84 48 80 00 42 01 08 A1 01 
88 1B 72 04 04 00 40 00 11 00 0C 12 40 00 40 49 
02 20 34 09 00 42 08 40 04 AA C2 80 20 B2 02 18 
11 00 88 44 88 01 A1 00 09 01 80 A0 00 13 05 11 
C0 13 0C 80 06 82 00 2C 40 28 40 2A 49 00 42 90 
10 90 00 90 A0 11 02 20 96 08 2C 00 28 10 C1 80 
44 04 28 0A 10 90 80 08 82 02 41 09 84 C8 0C 20 
02 C0 00 94 51 F0 01 4A 52 08 02 40 40 20 23 02 
84 20 70 02 80 C4 05 C5 09 00 60 09 00 04 29 98 
00 01 58 40 01 04 01 00 40 04 10 24 48 20 16 60 
11 02 12 14 10 84 A1 0D A1 0E 81 03 24 18 80 34 
80 0C 01 01 40 40 04 30 00 08 01 04 4C 05 01 01 
50 42 0D 05 D8 00 80 02 40 02 40 04 10 00 A6 84 
44 04 00 04 40 44 60 00 60 00 84 05 A0 65 00 00 
00 05 03 40 4A 95 10 01 08 20 44 2A E0 5A 0D 01 
05 00 B1 20 B4 43 35 C2 80 0A 08 00 84 02 A4 02 
60 42 00 41 13 45 00 00 0C 4A 84 8E 00 02 01 10 
28 0E 06 50 85 18 02 4A 12 28 43 08 00 20 44 30 
09 49 59 10 B0 08 0B E8 70 09 00 02 80 20 31 04 
A8 0C 41 20 91 80 26 16 00 56 40 84 C0 81 80 88 
31 08 AC 13 01 00 44 24 28 00 26 90 02 92 00 10 
00 95 38 08 00 4A 06 09 80 64 00 07 40 02 01 03 
28 60 10 06 60 88 41 82 41 80 00 20 08 40 00 10 
10 10 04 40 04 01 80 08 81 00 00 00 20 02 04 30 
01 02 2A 10 7E 00 44 A2 3A 88 66 4D 12 48 01 02 
10 0A 01 80 06 22 26 21 02 21 00 02 18 00 81 12 
12 00 02 00 00 22 C0 A6 90 11 40 42 D0 00 00 08 
08 42 08 60 80 2C 02 81 60 01 54 21 21 00 20 21 
04 06 00 04 0D 94 03 00 12 82 62 00 44 26 00 04 
80 2A A8 8A 20 00 22 20 30 0C 83 08 1C 0E 51 10 
18 08 38 08 04 05 91 00 14 80 4D B9 54 17 94 24 
51 00 04 00 01 10 01 21 08 09 A8 00 2A 00 09 86 
40 02 40 00 64 00 00 00 64 93 8C 3C 14 22 80 00 
48 41 01 00 84 00 00 91 8A 00 00 61 04 04 04 93 
41 81 00 40 A1 20 88 29 9A E1 40 20 01 81 10 90 
00 01 14 11 60 04 A8 49 12 08 00 42 82 08 00 12 
04 10 81 14 01 00 20 00 40 00 00 AA C0 01 00 00 
03 25 02 00 61 00 00 00 61 08 20 E9 00 10 60 10 
08 00 00 00 04 00 07 10 81 49 21 D9 28 80 43 00 
30 00 02 0A 00 22 02 40 C0 40 00 20 05 E0 0C 50 
12 00 32 00 68 02 24 A0 0C 19 46 7E 0C 18 82 C2 
22 0C C2 18 83 0A 06 0D D2 72 31 02 81 06 30 81 
22 01 01 04 06 20 41 00 20 00 E0 00 85 85 64 C0 
42 82 80 08 2E 8B 00 08 00 08 22 24 C3 04 00 90 
00 00 8A 0A 22 00 00 00 10 81 04 84 CE 0A 2C AC 
10 24 28 82 10 26 09 04 01 09 40 91 81 C0 42 01 
42 48 0A 98 00 00 02 00 48 21 08 41 53 00 0A 02 
08 4D 81 04 08 04 12 08 12 1A 18 90 E0 14 00 41 
62 40 51 40 00 90 09 11 24 02 82 20 80 2C 50 04 
A0 0C 05 40 00 45 88 C2 E8 46 49 10 48 20 09 20 
24 80 00 90 14 02 85 05 70 15 10 01 40 01 04 E0 
04 20 29 41 00 83 31 60 50 43 D7 01 8C 4B 90 08 
80 14 82 00 42 40 61 08 07 80 10 1C 01 04 41 23 
08 00 02 C0 80 12 52 26 10 20 28 30 44 00 1E 00 
08 24 18 21 14 10 14 00 10 01 00 4C 08 15 70 06 
21 11 19 10 82 F2 A3 14 42 86 11 23 41 49 0E 40 
0A 02 80 88 04 18 20 00 1A 00 02 04 06 82 14 04 
32 5D 00 40 04 C0 50 02 41 11 48 08 10 21 00 00 
52 C0 05 DA 08 28 20 00 00 08 08 00 18 90 0B 86 
82 1C 04 30 44 80 42 4E 00 12 C8 40 60 91 C1 04 
0B 00 12 00 08 0C 10 00 00 C8 82 04 00 22 10 02 
92 41 01 00 20 44 C2 84 04 83 00 02 00 01 01 50 
C5 13 04 2E 64 00 5C 80 14 10 10 06 58 0A 10 18 
80 08 00 48 01 8C 8C 20 44 04 61 61 F9 00 82 28 
00 10 00 45 00 00 04 00 40 82 50 00 60 0A 04 00 
48 02 04 03 84 03 00 00 84 A0 64 80 A2 08 00 82 
