00 10 1A 40 06 00 06 60 88 29 09 32 00 04 40 00 
07 09 00 2C 83 20 04 26 13 04 01 E9 91 28 14 2C 
00 10 10 10 00 80 00 40 58 21 22 26 42 00 8A 14 
52 00 40 28 02 00 80 40 40 11 3A 60 00 76 50 02 
A5 80 40 C0 00 04 12 61 20 01 20 A1 80 C2 43 C9 
2A 00 86 85 78 45 25 40 A0 19 08 D4 10 18 24 04 
10 1A 04 10 01 00 44 42 02 06 82 00 12 04 00 C0 
20 C1 04 11 08 20 04 21 00 00 83 23 00 04 40 44 
90 00 00 25 00 20 20 00 31 00 02 00 08 00 80 48 
20 48 06 48 80 00 09 11 08 00 10 04 00 42 00 52 
09 02 01 70 01 22 B4 00 02 12 03 06 00 0C 00 00 
22 40 01 04 08 44 85 30 08 40 01 20 00 41 00 05 
18 10 36 55 22 00 00 88 05 82 82 08 80 20 00 08 
00 00 3E C8 2B 80 21 83 70 91 00 02 80 84 40 30 
28 00 81 88 84 60 00 49 04 22 10 00 30 40 04 33 
24 88 04 C9 1C 00 A1 18 0F 0D 88 10 32 08 42 20 
02 50 A0 80 20 40 40 60 50 4C A0 E2 00 82 08 02 
60 CC 08 40 11 01 20 E7 01 50 06 50 80 00 40 30 
10 14 22 44 10 80 82 05 00 20 04 10 00 08 28 00 
00 05 10 00 24 00 00 80 82 02 E0 04 80 00 10 11 
30 05 24 00 34 00 64 02 05 83 04 08 00 A6 83 10 
C2 97 80 01 80 27 5A 62 D8 00 26 00 E4 59 A0 08 
A0 62 0A 02 22 84 20 0A 90 04 00 D8 E1 00 1C 88 
28 80 0C 40 AC 04 E4 C0 10 00 04 48 48 28 11 40 
AE 08 13 18 08 88 80 40 3C 40 48 00 88 82 25 80 
02 10 80 00 08 10 20 01 1C 0D 60 04 A5 40 C4 04 
30 95 29 11 58 12 21 00 40 08 A8 8A 81 02 02 43 
A2 04 8D 90 08 02 60 00 20 82 20 40 31 02 20 41 
20 C0 9C C0 44 00 08 02 42 A4 50 84 9C 01 10 C0 
08 8A 60 02 40 11 01 00 00 00 02 A8 B2 00 64 80 
40 00 10 88 00 00 45 C0 0A 01 02 82 30 80 1A 00 
04 18 04 01 01 02 20 00 80 20 00 10 00 00 00 00 
22 A8 C1 60 00 40 80 50 80 00 11 02 01 02 00 0C 
02 5C 05 03 04 08 24 01 02 02 80 14 00 00 08 11 
01 00 46 0C 00 04 D8 40 84 02 01 1E 10 A4 40 00 
89 40 09 30 A0 70 24 00 01 80 40 00 38 4A 50 64 
18 24 38 20 29 00 A0 74 80 00 04 30 50 10 48 80 
08 80 03 80 80 22 01 50 24 E0 30 40 41 20 8B 12 
8A 49 06 3A 40 05 00 00 02 10 42 28 10 00 10 1A 
31 8A 00 01 22 1C 00 56 64 00 04 00 00 D0 40 C8 
08 02 82 41 20 10 80 80 04 00 20 0D 00 05 10 44 
05 B8 02 80 82 08 50 23 10 64 42 02 02 01 00 91 
20 0D 00 41 22 26 00 40 0C 51 00 02 80 03 10 22 
58 80 08 88 09 10 09 88 48 44 26 01 03 90 13 04 
12 80 88 40 9E 71 0C 00 49 02 41 52 21 90 83 04 
00 15 42 22 00 5B 10 00 20 56 06 10 00 50 B9 81 
10 00 40 10 69 14 50 08 50 08 08 08 91 88 06 20 
88 00 00 00 00 12 80 80 00 00 00 90 21 64 00 10 
B6 10 06 10 20 00 C0 21 00 30 08 10 50 02 00 20 
00 14 A4 00 82 00 00 4E 01 AE 08 08 81 16 00 11 
44 04 02 08 D1 11 00 00 00 13 88 A0 35 B0 42 84 
48 01 70 72 85 04 29 34 20 01 44 00 01 40 44 10 
00 24 40 06 40 11 03 82 C2 45 81 00 80 72 A0 A0 
80 85 76 82 22 28 20 94 20 40 45 00 90 00 10 85 
42 28 00 46 00 90 14 60 A2 01 04 18 28 10 48 00 
09 10 02 11 24 31 00 20 00 90 08 08 08 05 03 41 
86 80 40 93 00 80 86 0A 80 70 51 04 51 01 48 02 
4E 2A 59 00 12 A0 00 08 50 42 30 90 08 06 00 00 
40 92 A0 00 40 61 14 C2 02 C2 09 84 58 39 00 08 
20 10 00 20 10 20 40 00 14 62 06 73 C0 40 80 80 
20 2B 80 20 08 08 08 00 00 03 89 01 81 00 90 08 
00 09 12 04 00 40 16 14 0D 19 40 00 44 08 82 80 
00 A0 8B 24 10 41 00 84 48 80 08 42 01 28 A1 01 
88 1B 72 04 04 00 00 00 10 00 08 12 00 00 40 48 
02 20 34 09 00 02 08 42 04 AA C2 80 20 B6 02 18 
50 00 98 44 88 01 A1 01 01 01 90 A4 00 13 01 11 
40 13 0C 00 06 80 00 2C 40 28 00 2A 4B 00 42 90 
50 10 00 90 A0 11 02 20 96 08 3C 00 28 10 C1 80 
44 04 28 8A 94 90 80 08 82 82 01 09 84 CA 0C 20 
02 42 00 34 41 70 01 48 58 28 02 40 40 20 03 00 
C0 20 70 02 88 84 05 C5 09 00 60 09 00 00 29 88 
10 00 50 40 00 04 01 00 40 44 10 24 48 20 97 68 
11 02 12 14 10 94 A1 0D A1 0E 81 03 24 18 80 34 
80 1C 01 01 40 45 05 30 00 08 09 04 4C 05 01 01 
52 42 0D 05 D8 00 80 02 40 00 60 C4 10 00 A4 84 
44 04 00 00 40 40 60 00 60 00 84 05 A0 65 00 00 
00 05 03 40 4B D5 10 01 08 00 44 2A 60 5A 0D 01 
05 00 B1 24 F4 41 35 C3 80 0A 08 00 84 02 A4 02 
64 40 00 41 13 45 00 02 0C 4A 84 8C 00 02 01 10 
29 06 06 50 85 18 02 4A 12 68 43 48 00 20 44 30 
09 49 59 10 B0 08 0B E8 70 09 00 02 80 20 71 04 
A8 0C 41 20 93 00 26 16 00 56 40 84 C0 81 80 08 
31 08 8C 13 01 00 44 25 28 00 26 90 02 92 00 12 
00 9D 39 08 00 4A 04 09 80 64 00 07 40 02 81 03 
28 60 10 06 20 88 41 82 01 80 08 21 08 40 10 10 
10 40 04 40 04 01 80 08 81 00 00 00 20 02 0C 30 
01 02 2B 10 5E 00 44 A2 3A 88 66 4D 12 48 01 02 
10 0A 01 80 06 22 26 21 02 21 00 02 18 00 81 12 
12 00 00 10 04 22 C0 A6 D0 11 40 42 D0 00 08 08 
08 42 08 60 80 2C 00 81 60 01 54 21 23 00 24 61 
00 06 00 04 0D 84 03 40 12 82 62 00 44 06 00 04 
80 22 A8 8A 20 00 22 20 30 04 83 08 1C 0E 51 10 
18 00 30 08 04 06 11 00 14 80 4D B9 54 17 D0 24 
51 10 04 00 00 10 03 21 08 09 A8 00 3A 00 09 86 
40 02 00 00 64 00 00 00 6C 93 8C AC 14 A0 82 00 
48 41 01 20 84 20 00 90 8A 08 00 61 00 00 04 93 
49 01 00 40 A1 80 88 29 98 E1 40 00 00 81 10 90 
00 01 18 11 60 04 A8 41 10 08 00 42 A2 0C 00 12 
04 00 81 14 01 00 20 00 40 00 00 AA C0 04 00 08 
03 25 02 00 61 00 00 00 61 08 20 C9 00 50 60 10 
08 00 00 00 04 00 06 10 81 49 21 DB A8 80 43 20 
30 00 02 0A 00 22 02 40 C0 40 00 20 05 E0 0C 50 
12 00 32 00 68 00 25 80 0C 19 46 5E 0C 18 82 C0 
22 0C C2 18 83 02 06 0D D2 72 31 02 01 06 30 85 
22 00 01 04 06 25 41 00 60 00 C0 00 C5 85 44 C0 
02 82 00 08 2E 8B 00 08 10 08 22 24 CB 04 10 90 
01 00 80 02 22 00 20 20 10 81 04 85 CC 0A 2C AC 
12 24 28 80 10 26 09 04 01 09 40 91 81 C0 42 01 
42 48 0A 98 00 C0 00 00 48 21 88 C1 57 00 02 02 
0C 4D 01 04 08 04 12 28 12 1A 10 10 E8 14 00 41 
62 40 71 40 00 90 09 11 24 12 82 20 00 2C 50 04 
A0 0C 01 40 28 45 88 C2 E8 46 CD 10 68 22 09 20 
24 81 02 80 14 02 85 06 70 15 10 09 40 01 04 60 
04 00 29 41 00 8B 31 61 50 43 C7 01 88 4E C0 08 
85 15 C2 00 02 40 60 08 06 80 50 18 01 05 41 23 
08 00 22 C0 80 10 52 06 10 00 38 10 44 00 1E 00 
08 21 08 21 14 00 14 00 10 01 00 4C 08 15 70 00 
21 11 39 30 82 F2 A5 14 42 86 11 02 41 48 0E 40 
0A 02 90 88 04 18 22 00 1A 08 02 04 02 82 14 04 
32 5D 80 40 44 C0 50 02 01 11 40 08 10 01 00 00 
56 C0 05 D9 08 28 20 00 04 0A 08 01 18 10 0B 86 
82 1C 04 30 44 90 42 46 20 12 C8 40 60 90 C1 04 
07 00 12 80 08 08 10 00 00 C8 90 04 00 22 10 02 
92 41 81 00 20 44 C2 84 04 81 00 0A 00 01 01 50 
C4 11 14 2E 24 00 58 80 10 10 10 06 50 02 00 08 
80 08 00 48 01 8C 8C 20 44 04 41 61 D9 00 82 28 
00 10 00 45 00 40 04 00 40 80 50 00 60 08 04 00 
48 02 24 03 84 03 00 00 84 A0 44 80 A2 00 00 82 
