00 10 1A 40 06 40 02 60 88 29 09 32 00 04 44 00 
87 09 00 2C 83 20 04 26 13 24 01 E9 91 28 14 2C 
00 10 10 10 00 80 00 40 58 20 20 06 42 00 8A 35 
10 00 40 28 02 00 80 40 40 11 3A 60 00 36 50 02 
85 80 44 40 00 04 12 60 20 01 20 A1 00 C2 43 C9 
2A 00 86 85 30 65 24 40 A0 11 08 D4 10 18 24 04 
10 1A 04 00 01 00 44 42 02 06 82 02 10 00 00 80 
20 C1 04 01 00 20 04 21 00 01 83 21 00 04 40 44 
90 00 00 24 00 20 20 40 11 00 02 00 08 00 80 68 
20 48 06 48 00 00 09 11 08 08 10 05 00 42 00 52 
08 02 01 70 03 02 B4 00 02 12 03 06 00 08 00 00 
02 40 01 04 08 44 85 30 00 40 01 20 00 40 00 05 
18 10 36 15 22 00 00 08 05 82 A1 08 80 20 00 08 
00 00 1E C0 2B 80 20 83 70 15 00 02 80 84 00 30 
28 00 80 08 04 20 00 49 04 22 10 20 20 40 04 33 
24 88 04 C9 1C 00 A5 18 0B 0D 88 10 12 08 42 00 
02 50 20 80 20 40 40 60 58 0C A0 A2 00 82 08 02 
00 CC 08 40 11 01 20 E7 01 50 04 10 80 00 40 30 
10 14 20 44 30 80 82 05 00 00 04 10 00 08 28 00 
00 05 10 00 24 00 00 80 02 02 60 04 00 00 00 11 
20 04 04 00 04 00 64 02 05 80 04 08 00 A6 80 10 
C2 97 80 01 80 27 5A 62 D8 00 26 02 E4 51 A0 08 
20 62 0A 02 22 84 20 0A 90 04 00 98 A1 00 1C 88 
28 80 0C 40 AC 04 E4 C0 10 00 04 48 08 08 01 40 
AE 08 13 18 08 88 80 40 38 40 48 00 88 02 25 80 
02 10 80 00 49 10 20 01 18 0D 60 00 A5 40 C4 04 
30 94 39 10 58 12 30 00 40 08 28 82 89 02 82 01 
A2 04 8D 91 08 0B 60 00 30 82 20 40 30 02 20 01 
20 80 9D C0 40 00 08 00 42 A4 50 84 98 01 00 C0 
08 8A 60 02 40 11 01 00 00 00 02 28 12 00 64 C2 
C0 00 10 88 00 00 45 40 02 01 02 80 30 80 8B 00 
04 18 04 01 01 02 20 20 80 20 00 10 80 00 00 00 
32 A8 C1 60 00 40 80 50 80 00 00 02 00 02 00 08 
02 5C 05 03 04 18 04 00 02 02 80 16 00 01 88 11 
01 00 46 44 00 44 D9 40 84 02 01 1E 10 24 40 00 
89 40 08 31 20 70 24 00 01 02 60 00 38 6A 10 40 
19 24 28 20 29 00 A0 74 C0 60 04 70 18 10 48 80 
08 82 03 81 80 20 11 50 24 E0 30 40 41 A0 8B 12 
8A 69 0E 38 40 05 00 00 02 10 42 09 10 00 10 1A 
31 8A 00 00 22 1C 00 56 24 00 04 00 10 D0 40 C8 
08 40 82 41 20 10 80 80 04 00 20 0D 00 04 10 44 
05 BA 02 80 82 08 50 23 02 64 42 02 02 08 00 91 
20 09 00 41 22 26 00 40 0C 51 00 02 80 03 10 22 
50 80 08 88 09 10 09 88 48 04 26 01 23 90 11 04 
12 00 88 40 96 71 0C 00 49 02 41 50 21 90 83 04 
00 14 42 22 00 5B 10 00 20 56 06 10 00 50 B9 80 
10 00 40 10 69 14 10 08 50 08 08 40 91 C0 06 20 
88 00 00 00 00 10 90 80 00 00 00 90 35 64 00 10 
B6 10 06 10 A0 00 C0 21 00 20 48 10 40 0A 00 20 
C0 10 85 00 C2 00 00 4E 03 AE 00 0C 81 16 20 11 
44 00 02 08 D0 11 00 00 00 03 88 A0 11 B0 42 84 
48 01 70 72 C5 04 A9 B0 21 01 44 00 01 40 44 10 
00 24 40 02 40 10 03 82 C2 41 81 00 80 72 80 80 
80 85 56 82 22 2A 20 94 20 40 45 00 80 00 10 85 
42 28 00 46 00 90 14 60 A2 01 24 18 28 10 08 00 
09 10 02 10 A4 B0 00 20 20 90 08 08 08 04 13 41 
86 80 40 91 00 88 A4 0A 80 70 51 04 51 01 48 02 
4E 2A 59 00 32 A0 20 68 50 42 30 90 08 06 00 00 
00 92 A0 00 40 61 14 42 00 C2 41 84 58 39 00 00 
20 10 00 20 10 20 40 00 14 62 04 73 C0 40 80 80 
20 2A 80 01 88 00 08 00 00 02 89 01 81 00 90 08 
00 09 12 04 00 00 06 10 0D 19 40 00 44 08 82 80 
00 A0 89 24 10 41 00 84 48 80 08 42 01 08 A1 01 
88 13 72 04 04 00 00 00 11 00 0C 32 00 40 40 49 
02 22 34 09 00 42 08 40 04 AA C2 80 20 A6 00 18 
11 00 88 44 88 04 A1 21 01 21 90 A4 00 13 00 11 
C0 13 0C 00 06 80 00 2C 40 28 40 2A 4B 00 42 90 
50 90 00 90 20 11 02 20 86 09 3C 00 2C 10 C1 80 
44 04 28 0A 00 98 80 08 82 02 11 09 84 D8 0C 20 
02 40 00 34 41 F0 01 48 5A 08 02 00 40 20 03 00 
80 20 70 00 08 84 05 C5 09 00 60 09 00 04 29 88 
00 00 50 40 01 04 01 00 40 04 10 24 48 20 16 60 
10 02 12 14 10 84 81 0D A1 0E 81 03 24 1C 80 34 
80 08 01 01 40 40 04 30 00 08 09 04 4C 05 01 01 
50 42 0D 05 D8 00 80 02 40 00 40 04 10 00 A6 84 
40 00 00 00 40 40 60 00 60 00 84 05 A0 65 00 00 
00 05 03 40 4A 95 10 01 18 00 44 2A 60 5A 0D 01 
05 00 B1 20 E4 03 35 C2 80 0A 08 00 84 02 24 02 
64 42 00 41 13 45 00 02 0C 4A 84 8C 00 02 01 10 
28 0E 06 50 85 10 02 4A 12 28 43 08 00 28 44 30 
09 49 59 10 90 08 0B E8 70 09 00 02 80 20 11 04 
A8 0C 41 20 93 00 26 16 00 56 40 84 C0 81 80 88 
11 08 AA 13 01 00 40 24 28 00 26 90 02 92 00 10 
00 95 10 08 00 4A 04 09 80 64 00 13 40 02 00 03 
28 60 10 16 60 88 41 82 01 80 08 21 08 40 10 10 
10 10 C4 40 04 01 80 08 01 00 00 00 20 02 04 30 
00 02 2A 10 7E 00 40 A2 3A 88 66 4D 12 48 00 02 
10 0A 01 80 06 22 26 00 02 01 00 02 18 02 81 12 
02 80 00 00 00 22 C0 24 90 11 01 02 D0 00 00 00 
08 42 08 60 80 2C 00 81 60 01 54 21 21 00 24 61 
00 02 00 04 0D 84 02 00 12 86 62 00 44 26 00 04 
80 22 A8 82 20 00 22 20 30 0D 83 08 1C 0E 51 10 
18 00 30 08 04 04 91 00 10 80 4D B9 54 17 D4 64 
51 10 04 00 01 10 01 21 08 09 A8 00 2A 00 09 06 
48 02 40 00 64 00 00 00 6C 91 8C 2C 14 20 82 00 
48 41 01 10 8C 00 00 91 8A 08 00 61 04 00 04 83 
48 81 00 40 A1 20 88 29 98 E1 40 22 00 81 10 90 
01 01 18 11 60 00 A8 41 10 08 00 42 82 08 80 12 
04 00 81 14 01 00 20 00 40 00 00 AA C0 01 00 08 
03 25 02 00 61 00 00 00 61 08 20 C9 00 10 60 10 
08 00 00 00 00 00 06 10 01 49 21 D9 A8 80 43 00 
30 00 02 02 00 02 02 40 C0 40 00 20 05 E0 0C 50 
12 00 B2 00 48 02 24 A0 0C 19 42 5E 0C 18 82 C2 
22 0C C2 18 83 0A 06 0D D0 72 31 02 81 04 10 81 
22 00 01 04 06 25 41 00 20 00 C0 00 05 81 64 C0 
02 92 00 08 2E 9B 00 08 10 08 22 24 C3 04 00 90 
01 00 82 02 22 00 20 00 10 81 04 85 CE 02 2C AC 
10 24 28 80 10 36 09 04 01 09 40 81 81 C0 42 01 
42 48 0A 98 00 00 02 00 48 21 88 C0 13 80 02 02 
08 4D 01 04 08 04 12 28 12 1A 18 10 E8 14 00 41 
62 40 51 40 00 90 09 90 24 02 82 20 00 0C 52 04 
E0 0C 01 40 08 45 88 C2 C8 42 C9 10 48 20 09 20 
64 80 00 90 14 02 84 07 70 15 10 09 40 01 04 E0 
04 20 29 41 00 8B 11 60 50 43 D7 01 8C 4F 80 08 
80 15 82 00 42 00 A0 08 07 80 10 00 01 05 41 23 
08 00 02 80 80 90 52 26 10 00 28 10 44 00 1E 00 
08 25 08 21 14 10 14 00 01 01 00 4C 08 14 70 00 
21 11 0B 32 82 F2 A5 14 42 86 10 01 41 08 0E 40 
0A 02 80 88 00 18 20 00 1A 00 02 04 02 02 14 04 
22 5C 80 40 44 C0 50 02 01 11 00 08 12 01 00 00 
52 C0 05 D9 08 28 20 02 00 0A 08 00 18 90 0B 86 
82 1C 0C 30 44 00 42 46 00 12 C0 50 60 81 C1 04 
03 00 12 00 00 08 10 00 00 C8 80 04 00 22 10 02 
92 41 01 00 20 44 C2 84 04 83 00 08 00 01 01 50 
C5 13 14 6E 64 00 58 80 14 10 10 06 58 02 00 08 
80 08 00 48 01 8C 8C 20 44 04 61 61 F9 00 82 20 
00 10 00 45 00 40 04 00 40 82 50 00 60 0A 04 00 
48 02 24 03 84 03 10 00 84 A0 64 80 A2 08 00 82 
