00 10 1E 00 06 40 0A 60 88 29 09 30 00 04 04 00 
87 09 00 2C 83 20 04 24 13 04 00 A9 90 28 04 2C 
00 10 10 10 00 80 00 40 58 21 22 02 42 00 8A 14 
10 00 00 28 02 00 C0 40 40 11 3A 60 00 36 50 02 
85 80 44 40 00 04 12 61 20 01 20 A1 00 C2 43 C9 
22 00 02 05 30 65 24 40 A0 19 08 D4 10 18 24 04 
10 1A 04 00 01 00 40 42 02 06 82 00 10 00 00 80 
20 C1 04 01 08 20 04 21 00 00 83 21 00 04 00 44 
90 00 00 24 00 20 20 00 30 00 02 00 08 00 80 68 
20 48 06 08 80 00 09 11 08 00 10 05 00 42 00 52 
08 02 00 70 01 00 94 00 12 00 03 06 00 0C 00 00 
20 40 21 14 08 44 05 30 00 40 01 20 00 40 00 05 
18 10 36 55 22 00 00 88 01 82 83 08 80 20 00 08 
00 00 3E C0 2B 00 20 83 30 91 00 02 80 84 02 30 
28 00 80 08 84 20 00 49 04 22 10 20 30 40 04 13 
24 88 04 49 1C 00 85 08 0F 09 08 10 12 08 42 20 
02 50 20 80 20 00 40 60 50 0C A0 E2 00 82 08 02 
00 4C 08 40 11 01 20 E3 01 50 06 50 80 00 40 10 
10 10 20 44 30 80 82 05 00 00 04 10 00 00 28 20 
00 05 10 00 25 00 00 80 02 02 E0 04 00 00 00 11 
30 04 24 00 24 00 64 02 05 80 04 08 00 86 81 00 
C2 97 80 01 80 27 5A 60 48 00 26 00 64 41 A0 08 
A0 22 0A 02 20 04 20 0A 90 04 00 98 E1 00 1C 88 
20 00 0C 40 AC 04 E4 C0 50 00 04 48 48 00 00 40 
2C 08 13 1C 00 88 80 40 38 40 48 00 00 02 25 80 
02 10 80 00 08 00 20 01 18 0D 60 00 A5 00 44 04 
10 94 29 50 58 12 30 00 00 08 20 82 81 02 82 01 
A2 04 8C 90 08 0A 60 00 30 80 20 40 30 12 20 41 
20 80 9C C0 40 00 08 00 42 A0 10 84 98 01 00 80 
08 8A 60 00 40 11 01 00 00 00 00 08 12 00 64 80 
C0 00 10 88 00 10 44 C0 02 01 02 80 30 80 1A 20 
04 18 04 01 01 00 20 20 80 20 00 10 08 00 00 00 
20 A8 C0 40 00 48 80 50 80 00 10 02 00 02 00 00 
02 48 01 03 00 18 04 01 02 02 80 14 00 00 08 11 
01 00 46 00 00 04 D8 40 80 02 01 1E 10 24 00 00 
89 40 09 30 00 70 24 00 00 80 60 00 38 6A 10 64 
19 24 48 20 28 02 A0 F4 00 00 04 20 10 10 08 80 
08 80 03 81 80 22 01 50 24 E1 30 40 41 A0 8B 12 
8A 49 06 38 40 05 00 00 02 10 42 08 10 00 10 1A 
31 8A 00 00 20 1C 00 56 24 00 00 00 10 50 00 C8 
08 40 82 41 20 10 80 84 00 00 20 0D 00 04 10 44 
05 BA 02 80 A0 08 50 23 00 64 42 02 00 09 00 91 
20 0D 00 40 22 26 00 40 08 41 00 02 80 03 10 22 
50 80 08 88 09 10 09 08 48 04 06 01 03 90 11 00 
12 00 88 40 96 21 0C 00 49 02 41 52 21 90 83 04 
00 14 02 22 00 5B 10 00 20 56 04 10 10 50 B9 80 
10 00 48 10 69 14 00 00 50 08 08 00 91 80 06 00 
88 00 00 00 00 10 80 80 00 00 00 14 21 64 00 10 
36 11 06 10 20 00 C0 01 00 00 48 10 40 02 00 20 
00 10 80 00 82 00 80 4A 01 AE 00 08 81 16 20 11 
44 00 02 08 D0 01 00 00 00 03 88 A0 20 A0 40 84 
40 00 70 32 85 04 89 34 20 01 44 00 01 40 44 10 
00 2C 40 02 00 01 01 02 C2 45 81 00 80 62 80 00 
80 85 56 82 22 28 20 B4 20 00 45 00 90 00 10 81 
42 28 00 45 00 90 14 60 A2 00 24 18 28 10 08 00 
29 10 00 10 80 30 00 20 00 80 08 08 08 05 13 41 
06 80 00 91 00 80 A4 0A 80 71 11 04 51 01 48 02 
4A 2A 59 00 12 80 20 08 50 42 00 90 08 06 00 00 
00 92 A0 00 40 60 14 C2 00 C0 09 84 58 39 02 00 
20 10 00 20 10 20 40 00 10 62 06 11 80 40 80 80 
20 2A 80 00 88 00 08 00 01 02 89 01 80 00 90 00 
00 09 02 04 00 00 04 10 0D 19 40 00 44 08 82 80 
00 A0 89 24 10 41 00 84 48 80 08 42 01 08 A1 01 
88 12 72 04 04 00 00 00 10 00 08 12 00 00 00 48 
02 20 34 09 00 42 88 40 04 AA C2 80 20 B6 02 18 
11 00 80 44 88 04 81 01 01 01 90 A0 00 13 00 13 
C0 13 0C 00 06 82 20 2C 40 28 00 2A 4B 00 40 90 
40 90 00 90 A0 11 02 20 96 09 2C 00 28 10 C1 80 
44 04 28 0A 10 90 80 08 82 02 01 09 84 C8 0C 20 
02 00 00 14 41 70 01 48 52 08 02 00 40 20 03 00 
80 20 70 00 08 84 05 C1 09 00 60 09 00 00 09 98 
00 00 50 00 00 04 01 00 40 04 10 24 48 20 16 60 
10 02 12 14 10 84 81 09 81 0E 81 03 24 18 80 34 
80 08 01 09 40 40 04 30 00 08 01 04 44 05 00 01 
50 42 0D 05 98 00 80 02 40 00 40 04 10 00 A6 84 
40 04 00 00 00 40 60 00 60 01 04 05 A0 45 00 00 
00 05 83 40 4B 95 10 01 10 00 44 2A 60 58 0D 01 
05 00 B1 20 B4 01 35 C2 00 0A 08 00 84 02 24 02 
60 42 00 41 12 45 00 02 0C 4A 84 8E 00 02 01 10 
29 0E 06 50 84 00 02 4A 12 28 43 08 00 28 44 30 
09 09 59 10 90 08 0B E8 70 09 00 02 80 20 31 04 
A8 04 00 20 90 80 06 16 00 52 40 84 C0 81 80 81 
31 08 28 13 01 00 00 24 28 00 26 10 02 92 00 10 
00 85 18 08 00 4A 06 09 80 64 00 03 40 02 00 01 
08 60 10 16 60 88 41 02 01 80 08 20 08 40 00 10 
10 00 04 40 04 01 00 08 01 00 00 00 20 02 04 30 
01 02 2A 10 5E 00 40 A2 3A 88 66 45 12 48 00 02 
00 0A 01 80 06 02 26 00 02 01 00 00 18 02 80 12 
02 00 00 00 04 02 C1 06 90 11 01 02 D0 00 00 00 
08 02 08 60 80 0C 00 81 60 01 54 21 21 00 24 21 
00 02 00 04 0D 84 02 40 12 82 62 00 00 06 00 04 
80 22 A8 82 20 00 22 20 30 05 83 08 1C 1E 50 10 
18 08 30 08 04 04 91 00 14 00 4C B9 44 17 D0 24 
51 10 04 00 00 10 01 21 08 09 A8 00 2A 00 09 06 
40 02 00 00 64 00 00 00 6C 91 8C 24 34 20 82 00 
48 41 01 00 8C 00 00 80 8A 00 00 41 00 00 04 83 
40 80 00 40 A1 20 88 29 90 E1 40 00 00 85 10 90 
00 01 10 11 60 00 A8 41 10 08 10 42 82 08 00 10 
04 10 81 14 01 00 20 00 40 00 00 AA C0 00 00 00 
03 25 00 00 40 00 00 00 41 08 20 E9 00 10 60 10 
08 00 00 00 00 00 06 10 01 49 21 D9 A8 80 43 20 
30 00 02 02 00 02 02 40 C0 40 00 30 05 E0 14 50 
12 00 22 00 68 00 24 C0 0C 19 42 76 04 10 82 C0 
22 0C C2 10 83 02 06 0D D0 72 31 02 01 04 10 81 
22 00 01 44 06 21 41 00 20 00 C0 00 85 80 64 C0 
02 82 00 08 0E 1B 00 08 10 00 22 24 C3 04 00 90 
01 00 00 02 22 00 20 00 10 01 04 85 C4 02 2C AC 
12 24 28 80 10 26 09 0C 00 09 40 91 81 C0 42 01 
42 48 02 98 00 00 00 00 48 21 08 40 53 80 02 02 
08 4D 01 04 08 04 12 20 12 12 10 90 E0 14 00 41 
62 40 51 40 00 90 09 90 24 02 82 20 00 24 10 04 
A0 0C 01 40 00 05 88 C2 A8 44 A9 00 08 20 09 20 
24 80 02 80 14 02 85 07 70 15 00 09 40 11 04 60 
04 20 09 41 00 83 11 60 50 43 D7 01 8C 4E 90 08 
80 14 02 00 02 40 20 08 06 80 10 08 01 04 01 23 
08 00 02 80 80 12 52 06 10 00 38 10 44 00 1E 00 
08 21 00 21 14 10 14 00 00 01 00 4C 08 15 70 00 
21 11 19 30 82 F2 81 14 42 86 11 01 41 08 0E 40 
0A 02 80 88 00 18 22 00 1A 01 02 04 02 02 14 04 
32 5D 10 40 44 E0 50 02 01 11 00 08 10 20 00 00 
52 C0 05 DB 00 20 20 00 00 08 08 00 18 10 09 86 
82 1C 04 30 44 00 42 46 00 12 C0 40 60 91 81 04 
0B 00 12 80 08 08 10 00 00 C8 80 06 00 22 10 02 
92 41 01 00 20 40 82 84 04 83 00 02 01 01 01 40 
84 13 34 2E 64 20 58 80 10 10 30 06 58 0A 00 08 
80 08 00 48 01 8C 8C 20 44 04 61 61 D9 00 82 20 
00 10 00 44 00 00 04 00 40 80 40 00 20 0A 04 00 
48 02 24 03 80 03 10 00 84 80 64 80 A2 08 C4 00 
