00 10 0A 00 06 00 02 60 88 29 09 32 00 04 40 00 
47 09 00 2C 03 20 04 24 13 24 00 E9 80 28 14 20 
00 10 10 10 00 80 00 40 58 00 20 22 42 00 8A 15 
10 08 40 28 02 00 80 40 40 11 3A 60 00 36 50 02 
85 80 44 40 00 04 12 60 20 00 20 A1 80 C2 43 C9 
2A 00 82 85 30 45 24 40 A0 19 08 D4 10 18 24 04 
90 1A 04 00 01 00 40 42 02 06 82 00 12 00 00 80 
20 C1 04 01 08 20 04 21 00 00 83 21 00 04 40 44 
90 00 02 24 00 20 20 00 11 00 02 00 08 00 80 48 
20 48 06 40 00 00 09 11 08 00 10 01 00 40 00 56 
08 02 00 70 01 02 94 00 12 02 03 02 00 08 00 00 
0A 40 21 04 08 44 85 30 00 40 01 20 00 40 00 05 
18 10 36 15 22 00 00 08 05 82 80 08 80 20 00 08 
00 00 3E C0 2B 00 20 83 70 10 00 02 80 84 00 30 
28 00 80 08 84 20 00 49 04 22 10 20 30 40 04 23 
24 C8 04 C9 1C 00 85 18 0B 09 08 10 12 08 42 20 
02 50 20 80 20 00 40 60 58 0C A0 E2 00 82 08 02 
40 CC 08 40 11 01 20 E7 01 50 04 10 81 00 40 30 
10 10 20 44 10 82 82 05 00 20 24 10 00 08 28 00 
00 04 10 00 24 00 00 80 02 02 61 04 00 00 00 11 
20 04 04 00 14 00 64 02 05 80 04 08 00 86 80 10 
C2 97 80 01 80 27 5A 60 48 00 26 00 64 11 A0 08 
A0 22 0A 02 20 04 20 0A 90 04 00 98 E1 00 18 88 
20 80 0C 40 A8 04 E4 C0 50 00 04 48 08 00 11 40 
A4 08 13 1C 00 88 80 40 38 40 48 00 88 82 25 80 
02 10 00 00 08 10 20 01 18 0D 60 80 A5 40 44 04 
10 84 39 10 58 12 30 00 40 08 20 8A 81 02 02 01 
A2 04 8C 90 08 0A 60 00 30 80 20 40 30 00 20 41 
20 C0 94 C0 44 00 08 00 42 A4 50 84 98 01 10 C0 
08 8A 60 00 40 11 00 00 00 00 00 08 92 00 64 80 
40 00 10 88 00 10 51 40 02 01 02 80 30 80 0A 20 
04 18 04 01 01 00 20 20 80 20 10 10 00 00 00 00 
22 A8 C0 68 00 48 80 50 80 00 01 02 00 02 00 08 
02 5C 01 03 00 08 04 01 00 02 80 14 00 01 08 11 
01 00 46 04 00 04 C9 40 80 02 01 1E 10 A4 40 00 
89 40 09 31 00 70 24 00 00 00 60 00 38 6A 10 40 
19 04 28 20 28 00 A0 74 80 00 04 70 10 10 08 80 
08 80 03 81 80 22 01 50 24 C0 30 40 C1 A0 8B 12 
8A 49 0E 38 40 05 00 00 02 10 02 08 10 00 10 1A 
31 8A 00 01 20 1C 00 57 60 00 00 00 10 40 00 C8 
08 00 82 41 20 10 80 80 14 00 20 0D 00 04 10 44 
05 B8 02 80 80 08 50 23 00 64 42 02 00 00 00 91 
20 0D 00 21 22 26 00 40 0C 41 00 02 80 03 10 22 
58 80 08 C8 09 10 09 08 48 04 06 21 03 90 13 00 
10 00 88 40 96 21 1C 00 09 02 41 52 21 90 83 04 
00 15 02 22 00 59 10 00 20 52 04 10 10 40 B9 80 
00 00 40 10 69 14 10 00 50 08 08 00 91 80 06 00 
88 00 00 00 00 10 80 82 00 00 00 10 20 64 00 10 
36 10 06 10 20 00 80 21 00 00 48 10 40 02 00 20 
00 10 81 00 82 00 00 4E 01 AE 00 08 81 16 00 11 
44 04 02 08 50 01 00 00 00 03 88 A0 01 B0 42 84 
48 00 70 32 85 04 89 34 20 01 44 00 01 40 44 10 
00 64 40 06 00 01 02 02 42 41 81 00 80 72 80 00 
80 85 56 82 22 00 20 94 20 40 45 00 80 00 10 81 
42 38 00 44 00 90 14 60 A2 00 24 18 28 10 08 00 
09 10 00 10 A0 B0 00 20 20 80 08 08 08 04 13 41 
86 80 00 81 00 80 A6 02 80 50 50 04 51 01 48 02 
4E 22 59 00 52 80 00 28 50 42 10 90 08 02 00 00 
00 92 A0 00 40 20 14 42 00 C0 41 04 58 39 00 00 
20 10 00 20 10 20 40 00 10 62 04 33 80 40 80 80 
20 2A 80 00 88 00 08 00 00 02 89 01 81 00 90 00 
00 09 02 04 00 00 06 10 0D 19 40 00 44 08 82 80 
00 A0 09 24 10 41 00 84 48 80 08 42 01 08 A1 01 
88 13 62 04 04 00 00 00 10 00 0C 12 00 40 00 48 
02 20 34 09 00 02 88 40 04 AB C2 80 20 B6 02 18 
10 00 80 44 88 01 A1 00 01 21 80 A0 00 13 00 13 
40 13 0C 00 06 82 00 2C 40 28 40 22 49 00 42 90 
40 10 00 90 A0 11 02 20 96 08 3C 00 28 10 C1 80 
40 04 28 0A 14 90 80 08 82 02 01 09 84 C8 0C 20 
02 02 00 24 41 F0 01 48 52 08 02 00 40 20 03 00 
80 20 70 02 08 84 05 C5 01 00 60 09 00 00 29 88 
00 00 50 00 01 04 01 00 40 04 10 24 48 20 16 60 
10 00 12 14 10 84 A1 19 A1 0E 81 03 24 18 80 34 
80 18 01 01 40 41 04 30 00 08 01 04 4C 05 01 01 
52 42 0D 05 D0 00 80 02 40 00 00 00 10 00 A4 84 
44 04 00 04 00 40 60 00 60 01 84 05 A0 21 00 00 
00 05 81 40 4A 95 10 01 08 00 44 2A 60 50 0D 01 
05 00 B1 21 A4 01 35 82 00 0A 0A 00 84 02 24 02 
60 42 00 41 12 45 00 02 0C 4A 84 8E 00 02 00 10 
28 0E 06 50 84 00 02 4A 12 08 43 08 00 28 44 30 
08 09 58 10 B0 08 0B E8 70 09 00 02 80 20 11 04 
A8 0C 01 20 93 00 26 16 00 56 40 84 C0 81 80 88 
11 08 2A 13 01 00 40 24 28 00 26 90 02 92 00 10 
00 95 10 08 00 4A 04 09 80 64 00 03 40 02 00 01 
08 60 10 02 60 88 41 02 01 80 08 20 08 40 00 00 
10 00 84 40 04 01 00 00 81 00 00 00 20 02 04 30 
01 02 2A 10 7E 00 40 A2 3A 88 66 45 12 48 00 02 
10 0A 01 00 06 22 26 00 02 01 00 02 18 00 81 12 
02 00 00 10 00 02 C1 A4 90 11 00 02 D0 00 01 00 
08 02 08 60 80 24 00 81 60 01 54 21 22 00 20 21 
00 02 00 04 0D 84 02 00 12 82 62 00 04 26 00 04 
80 22 A8 82 20 00 22 20 30 05 83 00 1C 0A 51 10 
18 08 38 00 04 05 91 00 10 80 4D B9 44 17 D4 24 
51 00 04 00 01 10 01 20 08 09 A8 00 2A 00 09 06 
40 02 00 00 64 00 00 00 64 91 8C 24 14 20 82 00 
48 40 01 00 8C 00 00 80 8A 00 00 61 00 00 04 83 
00 80 00 40 A1 20 88 29 90 E1 40 00 00 81 10 90 
01 00 18 11 60 00 A0 41 10 08 10 42 82 0C 00 00 
04 00 81 10 01 00 20 00 40 00 00 AA C4 00 00 00 
03 25 02 00 60 00 00 00 61 08 20 E9 00 10 60 00 
08 00 00 00 00 00 07 10 01 49 20 D9 A8 80 42 20 
10 00 02 02 00 02 02 40 C0 40 00 20 05 E0 04 50 
12 00 22 00 68 02 05 80 0C 18 42 5E 04 18 82 C0 
22 0C C2 18 83 02 06 05 D0 72 31 02 01 04 10 85 
22 00 01 04 06 20 41 00 20 00 C0 00 85 81 64 C0 
02 82 00 00 0E 1B 00 08 00 08 22 24 C3 04 00 90 
00 00 82 02 22 00 00 00 10 81 04 05 CE 02 2C AC 
10 24 28 80 10 36 09 04 00 09 40 91 81 C0 42 01 
42 48 08 98 00 00 02 00 48 21 08 41 03 80 02 02 
08 4D 01 04 08 04 12 20 12 02 10 90 E8 14 00 41 
62 40 51 40 00 80 09 91 24 02 82 20 00 24 00 04 
A0 0C 01 40 00 45 88 C2 C8 42 A9 10 08 22 09 20 
24 80 02 90 14 02 85 46 70 15 10 09 40 01 04 60 
04 00 09 41 00 83 01 60 50 43 D7 01 8C 4E 80 08 
80 15 82 00 02 40 20 08 06 80 10 00 01 05 41 23 
08 00 02 80 80 10 52 06 50 00 38 10 44 00 1E 00 
08 21 00 21 14 00 14 00 00 00 00 4C 08 15 30 00 
21 10 09 30 82 72 85 14 42 86 11 01 41 49 0E 40 
0A 02 80 88 00 18 22 00 1A 01 02 04 02 02 10 04 
32 5D 10 40 44 E0 50 02 01 11 00 08 10 01 00 00 
52 C0 05 DA 08 20 20 02 00 0A 08 00 18 10 09 86 
82 1C 04 30 44 80 48 42 00 12 C0 40 00 91 81 04 
03 00 12 80 08 08 10 00 00 C8 80 06 00 22 10 02 
92 41 01 00 20 44 C2 84 04 81 00 08 00 01 01 50 
C4 13 24 2C 24 00 58 80 10 10 10 06 58 02 00 00 
80 00 00 48 01 8C 8C 20 44 04 61 61 D9 01 82 28 
00 10 00 44 00 00 04 00 40 80 40 00 60 0A 04 00 
48 02 24 03 80 03 00 00 84 80 44 80 A2 08 C4 00 
