20 10 9A 40 06 40 02 60 88 29 09 32 08 04 00 00 
87 19 00 2C 03 30 04 06 13 04 00 E9 91 28 14 2C 
00 10 10 10 00 80 00 40 58 20 20 22 42 00 8A 15 
12 08 40 28 02 00 80 40 40 11 3A 60 00 36 50 02 
85 80 44 C0 00 04 12 61 20 02 60 A1 80 C2 43 C9 
2A 00 82 85 30 65 25 40 A0 19 08 D4 10 18 24 04 
10 1A 04 00 01 00 40 42 42 0E 82 00 12 00 00 80 
20 C1 04 11 08 20 04 21 00 00 83 21 00 04 40 44 
90 00 00 24 00 20 20 00 10 00 02 00 08 00 80 68 
20 48 06 48 00 00 09 11 08 00 10 05 00 42 00 52 
08 02 00 70 01 22 94 00 02 02 03 06 00 0C 00 00 
2A 40 01 04 08 44 85 30 00 40 01 20 00 00 00 05 
18 10 36 15 22 00 00 88 05 82 81 08 80 20 00 08 
80 00 3E C8 2B 00 20 83 70 10 00 02 80 84 02 30 
28 00 80 88 84 60 00 49 04 22 10 20 30 40 04 33 
24 88 04 C9 1C 00 A5 18 03 0D 88 10 12 08 42 20 
02 50 20 80 20 00 40 60 58 4C A0 A2 00 82 08 02 
40 CC 0A 40 11 01 20 E7 01 50 04 10 80 00 40 10 
10 10 20 44 30 80 82 01 04 00 04 10 00 08 28 00 
00 05 10 00 24 00 00 80 02 02 60 04 80 00 00 11 
30 04 04 00 34 00 64 02 05 80 04 08 00 A6 80 10 
C2 97 80 01 80 27 5A 60 58 00 26 00 E4 51 A0 08 
A0 62 0A 02 20 84 20 0A 90 04 00 D8 E1 04 18 88 
28 80 0C 40 AC 04 E4 C0 50 00 04 48 08 20 10 40 
AE 08 13 18 08 88 80 40 3C 40 48 00 88 02 35 80 
02 10 80 00 08 10 20 01 1C 0D 60 00 A5 40 44 04 
10 94 29 50 58 12 30 00 40 08 20 8A 81 02 82 01 
A2 04 8D 91 08 03 20 00 30 80 00 40 30 00 20 41 
20 80 9C C0 40 00 08 00 42 A4 50 84 98 01 00 C0 
08 8A 60 02 40 11 00 00 00 00 00 28 32 00 64 80 
40 00 10 88 00 00 50 C0 02 01 02 82 30 80 9A 00 
04 18 04 01 01 00 20 20 80 20 10 10 00 00 00 00 
22 A8 C1 60 00 48 80 50 80 00 00 02 00 02 00 04 
02 4C 05 03 00 18 04 01 02 02 90 16 00 00 08 01 
01 00 46 04 08 24 D8 60 80 02 01 1E 10 24 40 00 
89 40 08 30 00 70 24 00 00 80 60 00 38 6A 10 64 
19 24 08 20 08 02 A0 74 C0 60 04 70 10 10 48 80 
08 80 03 84 00 22 01 50 24 E1 30 40 41 20 8B 12 
8A 69 0E 3A 40 05 00 00 02 10 42 08 10 00 10 1A 
31 8A 00 00 22 1C 00 56 24 00 00 00 10 D0 40 C9 
08 40 82 41 20 10 80 80 14 00 20 0D 00 04 10 44 
05 BA 02 81 82 08 50 23 00 64 42 02 02 01 00 91 
20 09 00 41 22 26 00 40 0C 51 00 02 80 01 10 22 
50 80 08 C8 09 10 09 08 48 04 26 01 03 90 13 04 
12 00 88 42 96 21 1C 00 49 02 41 50 21 90 83 04 
00 14 22 22 00 5B 10 00 20 56 06 10 14 40 B9 80 
10 00 40 10 69 10 10 08 D0 08 08 08 91 80 26 20 
88 00 00 00 00 12 80 88 00 00 00 94 35 64 00 10 
36 10 06 10 20 00 C0 21 04 20 48 10 40 0A 00 20 
00 14 80 00 82 00 00 4E 01 AE 08 08 81 16 00 11 
44 00 02 08 D0 11 00 00 00 13 88 A0 25 B0 42 84 
40 00 70 32 85 04 29 34 20 01 44 00 01 40 44 10 
40 24 40 06 00 10 03 82 C2 41 81 00 80 72 80 80 
80 85 56 82 22 08 20 94 20 00 45 00 80 00 10 85 
42 28 00 44 80 90 14 60 A2 00 24 18 28 00 48 00 
09 10 02 10 80 30 00 20 20 00 08 08 08 04 13 41 
86 80 40 91 20 80 A6 0A 80 50 51 04 51 00 48 02 
4E 2A 59 00 32 80 20 48 50 42 10 10 08 02 00 00 
80 92 A0 00 40 60 14 C2 02 C0 49 84 58 31 02 00 
20 10 00 20 10 20 40 00 10 62 04 79 80 40 80 80 
20 2A 80 01 88 00 08 00 00 03 89 09 81 00 90 00 
00 09 02 04 00 10 14 10 0D 19 40 00 44 08 82 80 
00 E0 89 24 10 41 00 84 48 80 08 42 01 28 A1 01 
88 13 72 04 04 00 40 00 10 00 0C 12 00 00 40 48 
02 20 34 09 00 42 88 42 00 AA C2 80 20 B2 00 18 
10 04 88 44 88 01 81 01 01 01 10 A0 00 13 00 13 
C0 13 0C 80 06 82 20 2C 40 28 40 22 49 00 40 90 
50 10 00 90 A0 11 02 20 86 09 3C 00 28 10 C1 80 
44 04 28 0A 00 90 80 08 82 02 01 09 84 C8 0C 20 
02 00 00 34 41 F0 01 48 5A 00 02 00 40 20 03 00 
80 20 70 00 40 84 05 C5 01 00 60 09 00 04 29 88 
00 01 50 40 01 04 01 00 40 04 10 24 48 20 16 60 
10 02 12 14 10 84 A1 09 A1 0E 81 03 24 1C 80 34 
80 08 01 09 40 40 05 30 00 08 01 04 44 05 01 01 
50 42 0D 05 D8 00 80 02 40 00 40 84 10 00 A6 84 
44 04 00 00 40 40 60 00 60 00 04 45 A0 65 00 00 
00 05 83 40 4A 95 10 01 10 20 44 2A 60 58 0D 01 
05 00 B1 21 B4 43 35 C2 80 0A 0A 00 84 02 24 02 
60 42 00 41 12 45 00 02 0C 4A 84 8E 00 02 01 10 
28 06 06 50 85 19 02 42 12 40 43 08 00 28 44 30 
09 09 59 10 B0 08 0B E8 70 09 00 02 80 20 31 04 
28 0C 01 20 91 80 26 16 00 56 40 84 C0 81 80 88 
31 08 2A 12 01 00 40 24 28 00 24 90 02 90 00 10 
00 DD 18 08 00 4A 04 09 80 64 00 03 40 02 00 03 
08 60 10 16 60 88 41 82 01 80 08 20 08 40 00 14 
10 10 04 40 04 01 00 08 81 00 00 04 20 02 0C 30 
00 02 2B 10 5E 00 44 A2 3A 88 66 45 12 48 00 42 
10 0A 01 80 06 02 26 00 02 21 00 02 18 00 80 12 
12 10 00 10 00 22 C0 26 90 11 01 00 D0 00 00 00 
08 42 08 60 80 0C 02 81 60 01 54 21 21 00 24 21 
00 02 00 04 0D 84 03 00 12 82 62 00 44 06 00 04 
80 22 A8 8A 20 00 22 20 30 04 83 0A 1C 1E 51 10 
18 0A 38 08 04 05 91 00 14 80 4D B9 54 17 D4 24 
51 00 04 00 01 10 01 21 08 09 A8 00 2A 00 09 8E 
48 02 40 00 64 00 00 00 6C 91 8C AC 14 20 82 00 
08 40 01 20 8C 00 00 81 8A 00 00 61 00 00 04 83 
48 80 00 40 A1 A0 88 29 98 E1 00 20 00 81 10 90 
00 01 18 11 60 00 A0 41 10 08 00 42 82 08 00 12 
04 10 81 10 01 20 20 00 40 00 00 AA C0 00 00 08 
03 25 02 00 61 00 00 00 61 08 20 E9 00 10 60 00 
08 00 00 00 04 00 07 10 01 49 20 D9 A8 80 43 20 
30 00 02 0A 00 02 02 40 C0 40 00 30 05 E0 04 50 
12 00 22 00 68 02 25 A0 0C 19 42 5E 0C 18 82 C2 
22 0C C2 18 83 0A 06 0D D2 72 31 02 81 04 10 85 
22 00 01 44 06 25 41 00 20 00 C0 00 07 81 44 C0 
02 82 80 08 0E 1B 00 08 10 08 22 24 C3 04 00 D0 
01 00 82 02 22 00 20 00 10 81 04 85 46 0A 2C AC 
10 24 28 80 10 36 09 04 01 09 40 91 81 C0 42 01 
42 48 00 98 00 00 02 00 48 21 88 41 53 00 02 02 
08 4D 01 04 08 04 12 28 12 1A 10 90 E8 14 00 41 
62 40 51 42 00 90 09 90 24 02 82 20 00 2C 50 04 
A0 0C 05 40 08 45 88 C2 C8 42 49 10 68 20 09 20 
24 81 00 80 14 02 85 06 70 14 10 09 40 01 04 E0 
04 00 29 41 00 83 11 60 50 43 D7 01 8C 4E 80 08 
81 15 82 00 02 40 E0 08 07 80 50 00 01 04 41 23 
08 00 02 A0 80 80 52 06 10 22 28 20 44 00 1E 00 
08 25 08 21 14 10 14 00 10 01 00 4C 08 14 70 00 
21 11 09 30 82 F2 A1 14 42 86 11 00 41 48 0E 40 
0A 02 90 88 00 18 20 00 1A 00 02 04 02 02 14 04 
32 5D 80 40 04 C0 50 02 01 11 00 08 10 01 00 00 
52 C0 05 DB 08 20 20 00 00 0A 08 00 18 10 09 86 
82 1C 04 30 44 00 4A 4E 00 12 C8 40 40 91 81 00 
03 00 12 80 08 0C 10 00 00 C8 80 04 00 22 10 02 
92 41 01 00 20 44 C2 84 04 83 00 08 00 01 01 50 
C5 13 14 2A 24 00 58 80 10 10 30 06 10 02 00 08 
80 08 00 48 05 8C 8C 20 44 04 41 61 F9 01 82 28 
00 10 00 44 00 00 04 00 40 82 40 00 60 08 04 00 
48 02 24 03 84 03 00 00 84 A0 44 80 A2 08 C4 00 
