20 10 1A 40 06 40 02 60 88 29 09 32 00 04 40 00 
47 09 00 2D 03 30 04 26 13 04 00 E8 80 28 14 2C 
00 10 10 10 00 80 00 40 58 20 22 02 42 00 8A 35 
12 00 40 28 02 00 80 40 40 11 3A 60 00 36 50 02 
85 80 44 40 00 04 12 61 20 01 20 A1 80 C2 43 C9 
2A 00 02 05 30 45 24 40 A0 11 08 D4 10 08 24 04 
10 1A 04 00 01 00 44 42 02 06 82 00 12 00 00 80 
20 C1 04 01 08 20 04 21 00 01 83 21 00 04 40 44 
90 00 00 24 00 20 20 00 11 00 02 00 08 00 80 68 
20 48 06 48 00 00 09 11 08 00 10 04 00 42 00 52 
08 02 00 70 01 02 B4 00 02 02 03 06 00 0C 00 00 
02 40 01 14 08 44 85 30 00 40 01 20 00 41 00 05 
18 10 36 15 22 00 00 88 05 82 81 08 80 28 00 08 
00 10 3E C0 2B 00 21 83 70 11 00 02 80 84 00 30 
28 00 80 88 84 60 00 49 04 22 10 00 30 40 04 73 
24 C8 04 C9 1C 00 A1 08 0F 09 88 10 12 08 42 00 
02 50 20 80 20 40 40 60 58 4C A0 A2 00 82 08 02 
40 4C 08 40 11 01 20 E3 01 50 06 50 80 00 40 30 
10 14 20 44 30 80 82 05 00 00 04 10 00 08 28 00 
00 05 10 00 24 00 00 82 82 02 C0 04 80 00 10 11 
20 05 24 00 24 00 64 02 05 81 04 08 00 86 81 10 
C2 97 80 01 80 27 5A 60 58 00 26 00 64 11 A0 08 
20 26 0A 02 A0 04 20 0A 90 04 00 90 E1 00 1C 88 
20 80 0C 40 AC 04 E4 C0 10 00 04 48 48 20 01 40 
AE 08 13 18 00 88 80 40 38 40 48 00 88 82 25 80 
02 10 80 00 48 10 20 01 18 0D 60 00 A5 40 44 04 
10 D0 39 50 58 12 31 00 60 08 28 8A 81 02 02 01 
A2 04 8D 90 08 0A 60 00 30 82 20 40 30 00 20 C1 
20 82 9C C0 40 00 08 00 42 A4 50 84 94 01 00 C0 
08 8A 40 00 40 11 00 00 00 00 00 28 12 00 64 82 
40 00 10 88 80 10 45 C0 02 01 02 80 30 80 8A 00 
04 18 04 01 01 00 00 20 80 20 10 10 88 00 00 00 
22 A8 C1 60 00 48 80 50 C0 00 10 02 00 02 00 0C 
02 4C 01 03 00 08 04 01 02 02 80 14 00 00 08 01 
01 00 46 4C 08 44 D8 60 84 02 01 1E 10 A4 40 00 
89 40 08 31 00 70 04 00 00 80 60 00 38 6A 10 64 
19 24 08 20 08 00 A0 74 C0 41 04 60 50 10 08 80 
08 80 0B 80 80 22 01 50 24 C0 30 40 41 A0 8B 12 
8A 69 0E 18 40 05 00 00 02 10 40 28 10 00 10 1A 
31 8A 00 00 22 1C 00 56 24 00 00 00 10 D0 00 C8 
08 40 82 41 20 10 80 84 04 00 20 0D 00 04 10 44 
05 BA 02 80 A0 08 50 23 00 64 42 02 02 09 00 91 
20 0D 00 21 22 26 00 40 0C 41 00 02 80 03 10 22 
50 80 08 88 09 10 09 88 48 04 06 00 03 90 11 00 
12 00 88 40 16 71 1C 00 09 02 41 50 21 90 83 04 
00 15 42 22 00 59 10 00 20 56 04 10 00 40 B9 80 
10 00 40 10 69 14 10 00 50 08 08 00 91 80 06 20 
A8 00 00 00 00 10 80 80 00 02 00 90 25 64 00 10 
36 11 06 10 20 08 C0 09 00 00 48 10 50 02 00 20 
00 14 81 00 82 00 00 4E 01 AE 00 08 81 16 00 11 
44 04 02 00 D0 11 00 00 00 13 88 A0 25 B0 40 80 
08 00 70 32 85 04 29 34 21 01 4C 00 01 40 44 10 
00 24 40 06 40 00 03 82 C2 41 81 08 80 62 80 00 
80 85 56 82 20 20 20 94 20 40 45 00 80 00 10 85 
42 28 00 44 00 90 14 60 A2 00 24 18 28 00 48 00 
09 00 02 10 A0 B8 00 20 20 90 08 08 08 05 13 41 
86 00 40 91 00 80 A6 02 80 51 50 04 51 01 48 02 
4E 22 59 00 12 80 20 48 50 42 00 90 08 02 00 00 
40 92 A0 00 40 60 14 C2 00 C0 49 04 58 39 02 00 
20 10 00 20 10 20 40 00 10 62 04 11 00 40 80 80 
20 2A 80 00 88 00 08 00 00 02 89 01 81 00 90 08 
00 09 12 04 00 10 16 10 0D 19 40 00 44 08 82 80 
00 A0 09 20 10 41 00 84 48 80 08 42 01 28 81 01 
88 1B 72 04 04 00 00 00 10 00 0C 12 00 40 40 48 
02 20 34 09 00 02 88 40 00 AA C2 80 20 B2 02 18 
10 00 88 44 88 00 81 21 09 01 80 A0 00 13 04 13 
40 13 0C 00 06 80 20 2C 40 28 40 2A 49 00 40 90 
00 10 00 90 B0 11 02 20 96 09 2C 00 28 10 C1 80 
44 04 28 0A 00 98 80 08 82 02 01 09 84 C8 0C 20 
02 42 00 34 41 70 01 48 58 08 02 00 40 20 03 00 
80 20 70 00 08 C4 05 C1 09 00 60 09 02 00 29 88 
00 00 50 00 01 04 01 00 40 04 10 24 48 20 16 60 
10 02 12 14 10 84 81 0D A1 0E 83 03 24 18 80 34 
80 08 01 09 40 41 05 30 00 08 01 04 4C 05 01 01 
50 42 0D 05 D8 00 80 02 40 00 40 04 10 00 A6 84 
44 04 00 04 40 44 60 00 60 00 84 05 A0 65 00 00 
00 05 83 40 4A D5 10 01 08 20 44 2A 60 58 0D 01 
05 00 B9 20 E4 01 35 C2 80 0A 08 00 84 02 A4 02 
64 42 00 41 13 45 00 00 0C 42 84 8C 00 02 01 10 
2D 0E 06 50 85 10 0A 42 12 60 43 08 00 20 44 20 
09 49 59 10 B0 08 03 E8 70 09 00 02 80 20 11 00 
A8 04 11 20 92 80 06 16 00 56 40 84 C0 81 80 88 
11 08 8C 13 01 00 40 20 08 00 26 90 02 92 00 12 
00 D5 18 08 00 4A 26 09 80 64 00 17 40 02 00 01 
08 60 10 16 20 88 41 82 01 80 08 20 08 40 00 10 
10 00 84 40 04 01 00 08 01 00 00 00 20 02 04 30 
11 02 2A 10 7E 00 44 A2 3A 88 46 05 52 48 00 02 
10 0A 01 80 06 22 26 20 02 21 00 02 18 00 80 12 
02 80 00 00 00 02 C1 A6 90 11 01 00 D0 00 00 00 
08 02 08 60 80 0C 00 81 60 01 54 21 23 00 24 21 
00 02 00 04 0D 84 02 00 12 82 62 00 44 26 00 04 
80 22 A8 82 20 00 22 20 30 04 83 08 1C 1E 51 10 
18 08 30 08 04 06 90 00 14 80 0D B9 44 17 D4 24 
51 10 04 00 01 10 01 21 08 09 A8 00 2A 00 09 8E 
40 02 40 00 64 00 00 00 6C 91 8C 24 10 00 82 00 
48 41 00 00 84 20 00 81 8A 00 00 61 04 00 04 83 
00 80 00 40 A1 20 88 29 98 E1 40 20 00 81 10 90 
00 00 18 11 60 00 A8 41 10 08 10 42 82 08 00 10 
04 10 81 10 01 00 20 00 00 00 00 AA C0 00 00 00 
03 25 02 00 61 00 00 00 61 08 20 E9 00 10 60 10 
08 00 08 00 04 00 06 10 01 49 20 D9 A8 80 42 00 
30 00 02 0A 00 02 02 40 C0 40 00 20 05 E0 0C 50 
12 00 32 00 68 02 24 80 0C 19 42 7E 00 18 82 C2 
22 0C C2 18 83 02 06 0D D0 F2 31 02 01 04 30 81 
22 00 01 44 06 24 41 00 20 00 C0 00 C5 81 64 C0 
02 82 00 08 0E 8B 00 08 00 08 22 24 CB 04 00 D0 
00 00 82 02 22 00 20 00 10 81 04 05 CE 0A 2C AC 
12 24 28 80 10 26 09 04 01 09 40 91 81 C0 42 01 
46 48 18 98 00 00 02 00 48 21 08 41 43 80 02 02 
08 4D 81 04 08 04 12 28 12 1A 18 10 E8 04 00 41 
62 40 51 40 00 90 09 91 24 12 82 20 00 2C 52 04 
E0 0C 05 40 08 05 88 C2 C8 42 C9 10 08 20 09 20 
24 80 02 80 14 02 80 07 70 14 10 09 40 01 04 60 
04 00 09 40 00 8B 11 60 50 43 D7 01 8C 4F 80 08 
85 14 82 00 42 40 A4 08 06 80 50 10 01 05 01 23 
08 00 02 80 80 00 52 26 10 00 28 10 44 00 1E 00 
08 21 08 A1 14 10 14 00 00 01 00 4C 18 14 20 04 
21 11 19 30 82 F2 81 14 42 84 11 03 41 08 0E 40 
0A 02 80 88 00 18 20 00 1A 00 02 04 02 02 14 04 
32 5D 00 40 04 C0 50 02 01 11 00 08 12 21 00 00 
52 80 05 D9 08 20 00 00 00 0A 08 00 18 10 0B 86 
82 1C 04 30 44 80 4A 42 00 12 C8 40 40 81 81 04 
07 00 12 80 00 08 10 00 00 C8 90 04 00 22 10 02 
92 41 01 00 20 44 C2 84 04 83 00 0A 01 01 01 50 
C5 13 14 2E 24 00 58 80 10 10 10 06 50 02 00 08 
80 08 00 48 01 8C 8C 20 44 04 61 61 D9 00 82 28 
00 10 00 44 00 00 04 00 40 82 40 00 60 0A 04 00 
48 02 24 03 84 03 10 00 84 A0 60 80 A2 08 00 82 
