20 10 1A 00 06 00 02 60 88 29 09 30 00 04 40 00 
07 09 00 2C 82 20 04 26 13 04 00 E9 90 28 04 24 
00 10 10 10 00 80 00 40 58 21 20 02 42 00 8A 15 
10 00 40 28 02 00 80 40 40 11 3A 60 00 36 50 02 
85 80 44 40 00 04 12 60 20 01 20 A1 00 C2 43 C9 
2A 00 82 85 30 45 24 00 A0 11 08 D4 10 08 24 04 
90 1A 04 00 01 00 44 42 02 0E 82 00 12 00 00 80 
20 C1 04 01 00 20 04 01 00 00 83 21 00 04 40 44 
90 00 00 24 00 20 20 00 11 00 02 00 08 00 80 68 
20 48 06 08 00 00 09 11 08 00 10 01 00 40 00 52 
00 02 01 70 01 02 94 00 12 02 03 46 00 08 00 00 
02 40 01 14 08 44 05 30 00 40 01 20 00 41 00 05 
18 10 36 15 22 00 00 08 05 82 80 08 80 20 00 08 
00 00 3E C0 2B 80 21 83 70 11 00 02 80 84 00 30 
28 00 80 08 84 60 00 49 04 22 10 20 20 40 04 13 
24 C8 04 C9 1C 00 81 08 0B 0D 08 10 12 08 42 20 
02 50 20 80 20 40 40 64 58 4C A0 E2 00 82 08 02 
40 4C 0A 40 11 01 20 E7 01 50 06 52 80 00 40 30 
10 14 20 44 10 80 80 05 00 00 24 10 00 00 28 00 
00 05 10 00 24 00 00 80 02 02 60 04 00 00 10 11 
20 04 24 00 34 00 64 02 05 81 04 08 00 86 81 10 
C2 95 80 01 80 27 5A 60 48 00 26 00 64 51 A0 08 
20 22 0A 02 22 04 20 0A 90 04 00 98 E1 00 18 08 
20 00 0C 00 AC 04 E4 C0 10 00 04 48 48 20 01 40 
AE 08 03 18 00 88 80 40 38 40 48 00 88 82 24 80 
02 10 00 00 09 10 20 01 98 0D 60 00 A5 40 44 04 
10 94 29 10 50 12 30 00 40 08 20 8A 81 02 82 01 
A2 04 8C 90 08 03 60 00 30 80 00 40 30 00 28 41 
20 80 9C C0 40 00 08 00 42 A0 10 84 98 01 00 C0 
08 8A 60 00 40 11 00 00 00 00 00 08 12 00 64 80 
40 00 10 88 80 10 41 C0 02 01 02 80 30 80 8A 00 
00 18 04 01 01 00 20 20 80 20 10 10 00 00 00 00 
22 A0 C1 60 00 40 80 50 80 00 01 02 01 02 00 0C 
02 5C 05 03 00 18 04 01 02 02 80 14 00 00 08 01 
01 00 46 0C 00 04 D8 40 80 02 01 1E 10 24 00 00 
89 40 08 30 00 70 04 00 00 80 60 00 30 42 10 44 
19 04 08 20 28 00 A0 64 80 20 04 30 10 10 48 80 
08 80 03 81 00 22 01 50 24 E0 30 40 41 A0 8B 12 
0A 61 06 18 40 05 00 00 02 10 02 08 10 00 10 1A 
31 8A 00 01 20 1C 00 56 60 00 00 00 10 C0 40 C8 
08 40 82 41 00 10 80 80 04 00 20 0D 00 05 10 44 
05 9A 02 80 82 08 50 21 00 64 42 02 00 09 00 91 
20 1D 00 00 22 26 00 40 08 41 00 02 80 03 10 22 
50 80 08 88 09 10 09 88 48 04 06 01 03 90 13 00 
12 00 88 40 96 21 1C 00 09 02 01 50 21 90 83 00 
01 15 62 02 00 59 10 00 20 56 04 10 10 50 B9 80 
10 00 40 10 69 14 50 00 50 08 08 00 91 80 06 00 
88 00 00 00 00 10 80 08 00 40 00 14 31 64 00 10 
B6 10 06 10 20 00 80 01 00 00 48 10 50 02 00 20 
00 14 80 00 82 00 00 4A 01 AE 00 04 81 56 20 11 
44 00 02 08 50 01 00 00 00 03 88 A0 21 B0 40 80 
08 00 70 32 85 04 A9 34 20 00 44 00 01 40 44 10 
00 24 40 06 00 11 03 02 C2 41 A0 00 80 62 80 00 
80 85 54 82 22 20 20 94 20 00 45 00 80 00 10 81 
42 38 00 44 00 90 14 60 A2 01 04 18 28 00 48 00 
09 10 00 10 80 30 00 20 10 80 08 08 08 04 13 41 
86 80 00 81 00 80 84 02 80 50 51 04 51 01 48 02 
4E 22 59 00 12 80 20 48 50 42 20 10 08 02 00 00 
00 82 A0 00 40 20 14 C2 00 C0 01 84 58 11 02 00 
20 10 00 20 10 20 40 00 10 62 04 33 80 40 80 80 
20 2B 80 00 08 00 08 00 00 03 89 01 81 00 90 00 
00 01 02 04 00 00 04 10 0D 19 40 00 04 08 82 80 
00 A0 89 20 10 41 00 84 48 80 08 42 01 28 A1 01 
88 13 72 04 04 00 00 00 10 00 0C 12 00 00 00 48 
02 20 34 09 00 02 88 40 04 AA C2 80 20 B6 02 18 
10 00 88 44 88 01 81 01 01 01 80 A0 00 13 00 13 
C0 13 0C 80 06 80 20 2C 40 28 00 22 4B 00 40 90 
00 90 00 90 A0 11 02 20 86 08 3C 00 28 10 C1 80 
44 04 28 0A 04 98 80 08 82 02 01 09 84 C8 0C 20 
02 02 00 14 41 70 01 48 10 08 02 00 41 20 03 00 
80 20 70 02 00 84 05 C1 09 00 60 09 00 04 09 98 
00 00 50 00 00 04 01 00 40 44 10 24 48 20 16 60 
10 02 12 14 10 84 A1 0D A1 0E 81 03 24 08 80 34 
80 18 01 09 40 41 04 30 00 08 01 04 44 25 01 01 
52 42 1D 05 D8 00 80 02 40 00 40 04 10 00 A4 84 
44 04 00 04 40 40 60 00 60 00 84 05 A0 25 00 00 
00 05 03 40 4A 95 10 00 18 80 44 2A 60 4A 0D 01 
05 00 B1 20 F4 41 35 C2 00 0A 0A 00 84 02 24 02 
60 40 00 41 12 45 00 02 0C 42 84 8C 00 02 01 10 
28 0E 06 50 84 10 02 42 12 08 43 08 00 20 44 20 
09 09 58 10 90 88 0B E8 70 09 00 02 80 20 71 00 
28 04 01 20 93 00 06 96 00 12 40 84 C0 81 80 80 
11 08 2A 13 01 00 00 24 28 00 24 10 02 92 00 10 
00 95 18 08 00 4A 04 09 80 24 00 03 40 02 00 01 
08 60 10 06 60 88 41 82 01 80 00 20 08 40 00 10 
10 10 04 40 04 01 00 08 01 00 00 00 20 02 04 30 
11 02 2B 10 5E 00 40 A2 3A 88 66 41 12 48 00 02 
10 0A 01 80 06 22 26 01 02 01 00 02 18 02 80 12 
02 00 00 10 00 02 C1 26 90 11 01 00 D0 00 00 00 
08 02 08 60 80 2C 00 81 60 01 54 21 21 00 24 21 
00 02 00 04 0D 84 03 00 12 82 62 00 04 06 00 04 
80 2A A8 82 20 00 22 20 30 05 83 08 1C 1E 50 10 
18 08 30 08 04 05 91 00 14 80 4C B9 44 17 D0 64 
51 00 04 00 01 10 01 21 08 09 A0 00 2A 00 08 8E 
40 02 00 00 64 00 00 00 6C 91 8C 24 14 20 82 00 
48 40 01 10 8C 00 00 81 CA 00 00 61 00 00 04 83 
00 00 00 40 A1 80 88 29 98 E1 00 00 00 81 10 90 
00 01 18 51 60 04 A8 41 10 08 00 42 82 08 00 10 
04 00 81 10 01 00 20 00 00 00 00 AA C0 04 00 00 
03 25 02 00 61 00 00 00 61 08 20 A9 00 10 60 10 
08 00 00 00 00 00 06 10 01 49 21 D9 A8 80 42 20 
30 00 02 02 00 02 02 40 C0 40 00 20 05 E0 04 50 
12 00 22 00 68 02 25 C0 0C 19 42 7E 0C 18 82 C0 
22 0C C2 18 83 02 06 0D C0 72 31 02 01 06 30 81 
22 00 03 44 06 24 41 00 20 00 C0 00 85 81 44 C0 
02 82 80 08 2E 9B 00 08 10 08 22 24 C3 04 00 90 
00 00 80 02 22 00 00 00 10 81 04 85 4E 02 2C AC 
10 24 28 80 10 26 09 04 01 09 40 91 81 C0 42 01 
42 48 00 98 00 80 00 00 48 21 08 40 53 00 02 02 
0C 4D 01 04 08 04 12 08 12 0A 10 10 E0 14 00 41 
62 40 51 40 00 90 09 90 24 02 80 20 00 2C 10 04 
A0 0C 01 40 08 05 98 C2 88 42 ED 00 28 22 09 20 
24 80 00 80 14 02 81 07 70 14 10 01 40 01 04 E0 
04 00 29 41 00 83 11 60 50 43 D7 01 8C 4E 80 08 
80 15 C2 00 02 00 A0 08 06 80 50 00 01 05 01 23 
08 00 02 C0 88 00 52 06 10 00 28 30 44 00 1E 00 
08 20 08 21 14 00 14 00 00 01 00 4C 18 14 60 00 
21 10 19 00 82 F2 A1 14 42 84 11 03 41 49 06 40 
0A 02 80 88 00 18 20 00 1A 00 02 04 02 02 10 04 
32 5D 00 40 44 C0 50 02 01 11 00 08 10 01 00 00 
52 C0 05 D8 08 20 20 00 00 1A 08 01 18 10 09 86 
82 1C 04 10 44 00 42 4E 00 12 C0 40 00 90 81 04 
03 00 12 80 08 08 10 00 00 C8 80 04 00 22 10 02 
92 41 01 00 20 44 C2 84 00 81 00 00 01 01 01 50 
84 13 04 2A 24 00 18 80 10 10 10 06 50 02 00 08 
80 08 00 48 01 8C 8C 00 44 04 41 41 D9 01 82 28 
00 10 00 45 00 00 04 00 40 80 50 00 60 0A 04 00 
48 02 24 03 80 03 10 00 84 80 64 80 A2 08 C4 00 
