20 10 1A 00 06 00 02 60 88 29 09 32 00 04 44 00 
87 09 00 2C 02 30 04 26 13 24 00 E9 90 28 14 24 
00 10 10 10 00 80 00 40 58 20 20 02 42 00 8A 14 
10 00 00 28 02 00 80 40 40 11 3A 60 00 36 50 02 
85 80 44 40 00 04 10 40 20 01 20 A1 00 C2 43 C9 
2A 00 86 05 10 45 24 00 80 11 08 D4 10 18 24 04 
10 1A 04 00 01 00 44 42 02 0E 82 02 10 00 00 82 
20 C1 04 01 08 20 04 01 00 00 83 21 00 04 40 44 
90 00 00 24 00 20 20 00 11 00 02 00 08 00 80 48 
20 48 06 40 80 00 09 11 08 00 10 05 00 42 00 56 
08 02 00 70 01 02 94 00 12 02 03 06 00 0C 00 00 
0A 40 21 14 08 44 05 30 00 40 01 20 00 40 00 05 
18 10 36 15 22 00 00 08 05 80 81 08 80 20 00 08 
00 00 1E C0 2B 00 20 83 70 90 00 02 80 84 00 30 
28 00 80 08 84 20 00 49 04 20 10 20 00 40 04 33 
24 88 04 C9 1C 00 85 08 03 29 88 10 12 08 42 00 
02 50 20 80 20 40 41 60 50 0C A0 A2 00 82 08 02 
40 4C 08 40 11 01 20 E7 01 50 04 50 80 00 40 10 
10 10 20 44 30 80 80 01 00 00 24 10 00 00 28 00 
00 05 10 00 24 00 00 80 02 02 E0 04 00 00 10 11 
20 04 24 00 34 00 64 02 05 80 04 08 00 86 81 10 
C2 95 80 01 80 27 5A 60 58 00 26 00 64 11 A0 08 
A0 26 0A 02 20 84 20 0A 90 04 00 98 E1 00 18 88 
20 00 0C 40 A8 04 E4 C0 50 00 04 48 48 08 11 40 
AC 08 13 1C 08 88 80 40 38 40 48 00 88 02 25 80 
02 10 00 00 08 10 20 01 18 0D 60 00 A5 00 44 04 
30 94 39 50 58 12 30 80 40 08 20 82 81 02 82 41 
A2 04 8C 90 08 0A 60 00 30 80 20 40 30 02 20 41 
20 80 9C C0 40 00 08 00 42 A4 50 84 98 01 00 80 
08 8A 40 02 40 11 01 00 00 00 00 28 92 00 64 00 
40 00 10 88 80 10 41 40 02 01 02 80 30 80 8A 00 
04 18 04 01 01 00 20 20 80 20 10 10 80 00 00 00 
30 A0 C0 40 00 40 80 50 80 00 00 02 00 02 00 08 
02 4C 41 03 00 18 04 00 02 02 80 14 00 00 08 01 
01 00 46 0C 08 04 D8 40 80 02 01 1E 10 A4 40 00 
89 40 09 30 00 70 24 00 00 00 60 00 38 4A 10 40 
19 04 08 20 28 00 A0 74 00 00 04 70 18 10 48 80 
08 80 03 81 00 22 01 50 24 A1 30 40 C1 A0 8B 12 
8A 69 06 38 40 05 00 00 02 00 42 08 10 00 10 1A 
31 8A 00 00 22 1C 00 57 24 00 00 00 00 C0 00 C8 
08 40 82 41 00 10 80 80 14 00 20 0D 00 05 10 04 
05 B8 02 80 A0 08 50 23 00 64 42 42 00 09 00 91 
20 0D 00 60 22 26 00 40 0C 51 00 02 80 03 10 22 
40 80 08 88 09 10 09 88 48 04 26 01 03 90 11 04 
12 00 88 40 96 21 1C 00 09 02 41 50 21 90 83 00 
00 14 02 02 00 59 10 00 20 56 06 10 10 50 B9 80 
00 00 40 10 69 14 00 00 50 00 00 00 11 00 06 00 
88 00 00 00 00 10 80 08 00 00 00 14 25 64 00 10 
B6 10 06 10 20 00 80 21 00 20 48 10 40 02 00 20 
00 10 80 00 82 00 00 4A 01 AE 00 08 81 16 20 11 
44 00 02 08 D0 01 00 00 00 13 88 A0 21 B0 42 84 
08 01 70 32 85 04 A9 30 20 01 44 00 01 40 44 11 
00 24 40 02 00 11 03 82 C2 41 80 00 80 72 80 80 
80 85 56 82 22 20 20 B4 20 40 45 00 80 00 10 81 
42 38 00 44 00 90 14 60 A2 00 04 18 28 00 08 00 
09 10 00 10 A0 38 00 20 20 80 00 08 00 04 13 41 
86 00 40 91 00 80 A4 02 80 50 51 04 51 01 48 02 
4A 22 59 00 12 80 20 08 50 42 00 10 08 02 00 00 
00 92 A0 01 40 20 14 C2 00 C2 49 04 58 39 02 00 
20 10 00 20 10 20 40 00 00 62 04 11 80 40 80 90 
20 2A 80 00 88 00 08 00 00 03 89 01 81 00 90 00 
00 01 12 04 00 00 06 10 0D 19 40 00 44 08 82 80 
00 A0 09 24 10 40 00 84 48 80 08 42 01 08 A1 01 
88 13 72 04 04 00 00 00 10 00 0C 12 00 00 00 48 
02 20 34 09 00 42 88 40 00 AA C2 80 20 B6 02 18 
10 04 88 44 88 01 81 01 01 21 80 A0 00 13 00 13 
40 13 0C 10 06 80 20 2C 40 28 00 22 4B 00 40 90 
00 00 00 90 B0 11 02 20 96 01 2C 00 28 10 C1 80 
44 04 28 0A 04 98 80 08 82 02 01 09 84 C8 0C 00 
02 42 00 34 41 70 01 40 5A 08 02 00 40 20 03 00 
80 20 50 00 00 84 05 C4 09 00 60 09 00 00 09 88 
00 00 50 00□□□□□□□□□□□□□□□□□□□□□□□□□□□□□□□□□□□□□□□□□□□□□□□□□□□□□□□□□□□□□□ A1 0E 81 03 24 08 00 34 
80 08 01 01 40 44 04 30 00 08 09 04 4C 05 00 01 
50 42 0D 05 D8 00 80 02 40 00 40 84 10 00 A4 84 
44 04 00 04 00 40 60 00 60 00 84 05 A0 25 00 00 
00 05 81 40 4A 95 10 01 08 00 44 2A 60 58 0D 01 
05 00 B1 20 A4 01 35 C2 80 0A 0A 00 84 00 24 02 
60 42 00 41 12 05 00 00 0C 4A 84 8C 00 02 01 10 
29 0C 06 50 85 00 02 4A 12 00 43 08 00 28 44 20 
08 09 58 10 B0 08 0A E8 70 09 00 02 80 20 11 04 
A8 44 01 20 92 00 06 16 00 12 40 84 C0 81 80 88 
11 08 28 13 01 00 40 24 28 00 24 90 02 92 00 10 
00 85 18 08 00 4A 06 09 80 64 00 03 40 02 00 01 
28 60 10 16 20 88 41 02 01 80 00 20 08 40 00 10 
10 10 04 40 00 01 00 00 81 00 00 00 20 02 04 30 
00 02 2B 10 7C 00 40 A2 3A 88 66 45 12 48 00 02 
10 0A 01 80 06 22 26 00 02 21 00 00 18 00 80 12 
02 00 00 10 00 02 C5 A4 90 11 41 00 D0 00 00 00 
08 42 08 60 80 2C 00 81 60 01 54 21 21 00 24 21 
00 06 00 04 0D 84 02 00 12 82 62 00 04 06 00 04 
80 2A A8 82 20 00 22 20 30 05 83 08 1C 0C 50 10 
18 08 30 08 04 04 80 00 10 80 4C B9 44 17 D0 24 
51 10 04 00 01 10 01 20 08 09 A8 00 2A 00 09 06 
40 02 00 00 64 00 00 00 6C 91 8C 24 14 20 82 00 
48 40 01 10 8C 20 00 81 8A 00 00 61 00 00 04 83 
40 00 00 40 A1 20 88 29 90 E1 00 00 00 85 10 90 
00 01 18 11 60 04 A0 41 10 08 10 42 80 0C 80 10 
04 00 81 14 00 00 20 00 00 00 00 AA C0 00 00 08 
03 25 02 00 41 00 00 00 61 08 20 29 00 10 60 10 
08 00 00 00 04 00 06 10 01 49 21 D9 20 80 43 00 
30 20 02 02 00 02 02 40 C0 40 00 20 05 E0 04 50 
12 00 32 00 68 02 24 80 0C 19 42 5E 0C 18 82 C2 
22 0C C2 10 83 02 06 0D D2 72 31 02 01 06 30 81 
22 00 02 04 06 21 41 00 20 40 C0 80 05 85 64 C0 
02 82 00 08 2E 1B 00 08 00 00 22 24 C3 04 00 80 
00 00 82 02 22 00 00 00 10 81 14 84 44 0A 2C 2C 
12 24 28 80 10 36 09 0C 03 09 40 81 81 C0 42 01 
42 48 00 98 00 80 00 00 48 21 08 40 53 80 02 02 
08 4D 81 04 08 04 12 20 12 0A 10 90 E8 14 00 41 
62 40 51 40 00 80 09 90 24 02 82 20 00 24 00 04 
A0 0C 01 40 00 45 88 C2 E8 44 C9 10 48 20 09 20 
24 80 02 80 14 02 84 06 70 14 00 09 40 01 04 60 
04 00 29 41 00 83 11 60 50 43 D7 01 8C 4F 00 08 
80 15 82 08 02 40 60 08 06 80 10 10 01 04 01 23 
08 00 02 C0 80 00 52 06 10 00 28 10 44 00 1E 00 
08 20 18 21 14 10 14 00 00 01 00 4C 08 34 70 04 
21 10 09 20 82 72 81 14 42 84 11 01 41 48 0E 40 
0A 02 80 88 00 18 20 00 1A 00 02 04 02 02 10 04 
32 5D 00 40 04 C0 50 02 01 11 00 08 10 01 00 00 
52 C0 05 D9 00 20 20 00 00 0A 08 00 18 10 09 86 
82 1C 04 30 44 00 42 44 00 02 C0 40 00 91 81 00 
03 00 12 80 08 08 10 00 00 C8 80 06 00 22 10 02 
92 41 01 00 20 44 C2 84 04 83 00 02 00 01 01 50 
C4 13 34 6A 60 00 58 80 10 10 10 06 58 02 00 00 
80 08 00 48 01 8C 8C 20 44 04 41 61 D9 01 82 28 
00 10 00 44 00 08 04 00 40 80 40 00 60 08 04 00 
48 02 24 03 80 03 10 00 84 80 44 80 A2 08 C4 00 
