20 10 1A 00 06 00 02 60 88 29 09 32 00 04 40 00 
C7 09 00 2C 03 20 04 26 13 04 01 E9 90 28 14 2C 
00 10 10 10 00 80 00 00 58 00 20 02 42 00 8A 35 
10 00 40 28 02 00 80 40 40 11 3A 60 00 36 50 02 
85 80 44 40 00 04 12 60 20 01 20 A1 00 C2 43 C9 
2A 00 02 85 70 45 25 40 A0 11 08 D4 10 18 24 04 
90 1A 00 00 01 00 40 42 02 06 82 00 10 00 00 80 
20 C1 04 01 08 20 04 21 00 00 83 21 00 04 40 44 
90 00 00 24 00 20 20 00 10 00 02 00 08 00 80 68 
20 48 06 00 80 00 09 11 08 00 10 05 00 42 00 42 
08 02 01 70 01 02 94 00 12 02 03 02 00 08 00 00 
02 40 21 04 08 44 85 30 00 40 01 20 00 40 00 05 
18 10 36 15 22 00 00 88 05 80 A1 08 80 20 00 08 
00 00 3E C0 23 00 21 83 70 10 00 02 80 84 02 30 
28 00 80 08 84 60 00 49 04 02 00 00 30 40 04 73 
24 C8 04 C9 1C 00 85 18 03 09 88 10 12 08 42 20 
02 50 A0 80 20 40 40 60 50 0C A1 E2 00 82 08 02 
00 4C 08 40 11 01 20 E3 01 50 04 50 80 00 40 10 
10 10 20 04 30 80 82 01 00 00 24 10 00 00 28 00 
00 05 10 00 A4 00 00 80 02 02 E0 04 00 00 10 11 
20 04 24 00 24 00 64 02 04 80 04 08 04 86 80 10 
C2 97 80 01 80 27 5A 60 40 00 26 02 64 41 A0 08 
80 66 0A 02 20 04 20 0A 90 04 00 98 E1 00 18 88 
20 00 0C 40 AC 04 E4 C0 10 00 04 48 08 08 01 40 
A6 08 13 1C 00 88 80 40 18 40 48 00 88 80 25 80 
02 10 80 00 40 10 20 01 18 0D 60 00 A5 40 C4 04 
30 94 29 10 58 12 30 00 00 08 28 82 81 02 82 01 
A2 04 8C 90 08 02 60 00 30 80 00 40 30 00 20 01 
30 80 94 C0 40 00 08 02 42 A4 10 84 98 01 00 80 
08 8A 60 00 40 11 00 00 00 00 02 28 12 00 64 80 
40 00 10 88 00 10 51 C0 02 01 02 80 30 80 8A 00 
04 18 04 01 01 00 20 20 80 20 00 00 80 00 00 00 
22 A8 C1 60 00 48 80 50 80 00 00 02 01 02 00 08 
02 5C 01 0B 00 18 04 00 00 02 80 16 00 00 08 11 
01 00 46 0C 00 04 D9 60 80 02 01 1E 10 24 40 00 
89 40 09 30 A0 30 24 00 00 80 60 00 30 6A 10 40 
19 24 08 20 29 00 A0 F4 80 00 04 70 00 10 08 80 
08 80 03 81 80 22 01 50 24 A0 30 40 41 A0 8B 12 
8A 69 0E 38 40 05 00 00 02 10 02 08 10 00 10 0A 
31 8A 00 00 22 1C 00 46 20 00 00 00 10 40 00 C8 
08 00 82 41 20 10 80 84 00 00 20 0D 00 04 10 44 
05 98 02 80 A0 08 50 03 00 64 42 02 00 01 00 91 
20 19 00 41 22 26 00 40 08 51 00 02 80 03 10 22 
58 80 08 88 09 00 09 88 48 04 06 01 03 90 13 00 
12 00 88 40 96 21 0C 00 09 02 41 50 21 90 83 00 
00 14 02 22 00 59 10 00 20 56 04 10 00 50 B9 80 
10 00 40 10 29 14 50 00 50 08 08 00 91 80 02 00 
88 00 00 00 00 10 80 88 00 00 00 10 31 64 00 10 
92 10 06 10 A0 00 C0 21 00 20 48 10 40 02 00 20 
00 10 81 00 82 00 00 4E 01 AE 00 08 81 56 00 11 
44 00 02 08 50 01 00 00 00 03 88 A0 00 A0 40 84 
00 00 70 32 85 04 29 34 20 01 44 00 01 40 44 10 
00 24 40 02 40 10 03 82 C2 41 81 00 80 72 80 80 
80 85 72 82 22 28 20 94 20 40 45 00 80 00 10 81 
42 38 00 44 80 90 14 60 A2 00 24 18 28 00 08 00 
09 10 00 10 80 30 00 20 00 00 08 08 08 04 13 41 
86 80 00 81 00 80 84 02 80 50 51 04 51 01 48 02 
4E 22 59 00 32 80 20 48 50 42 10 10 08 02 00 00 
00 82 A0 00 40 20 14 C2 00 C0 41 04 58 31 02 00 
20 10 00 20 10 20 40 00 10 62 04 31 00 40 80 80 
20 2A 80 00 08 00 08 00 01 01 89 01 81 00 90 00 
00 09 02 04 00 50 04 10 0C 19 40 00 44 08 82 80 
00 A0 09 20 10 41 00 84 48 80 00 42 01 28 A1 01 
88 13 52 04 04 00 00 00 11 00 08 12 00 00 00 48 
02 20 34 09 00 02 88 40 04 AA C2 80 20 A6 02 18 
11 00 80 40 88 00 01 21 01 01 80 A0 00 13 00 13 
C0 13 0C 00 06 80 20 2C 40 28 00 2A 49 00 40 90 
40 00 00 90 B0 11 02 20 96 01 2C 00 28 10 C1 80 
44 04 28 0A 00 90 80 08 82 02 41 09 84 CA 0C 20 
02 42 00 14 41 70 01 48 58 08 02 00 40 20 03 00 
80 20 70 02 00 84 05 85 01 00 60 09 00 00 29 88 
00 00 50 00 00 04 01 00 40 04 10 20 48 20 16 60 
10 02 12 14 10 84 A1 0D A1 0E 81 03 24 18 80 34 
80 08 01 01 40 41 04 30 00 08 01 04 4C 05 01 01 
50 42 0F 05 D8 00 80 02 40 00 40 00 10 00 A4 C4 
44 00 00 04 40 40 60 00 60 00 84 05 A0 21 00 00 
00 05 83 40 4A 95 10 01 10 20 44 2A 60 50 0D 01 
05 00 B1 20 A4 03 35 C2 80 0A 18 00 84 02 24 02 
60 42 00 41 12 45 00 02 0C 4A 84 8E 00 02 00 10 
28 0E 06 50 84 00 02 4A 12 28 43 08 00 20 44 20 
01 09 59 10 B0 08 0B E8 70 09 00 02 80 20 33 00 
A8 04 01 20 93 00 06 16 00 12 40 84 C0 81 80 00 
11 08 2A 13 01 00 40 24 28 00 26 90 02 92 00 10 
00 85 10 08 00 4A 24 09 80 64 00 03 40 02 00 01 
08 60 10 02 20 88 41 82 01 80 08 20 08 40 00 10 
10 00 C4 40 04 01 80 08 81 00 00 00 20 82 04 30 
01 02 2A 10 5E 00 44 A2 3A 88 66 0D 12 08 00 02 
10 0A 01 00 06 22 26 00 02 01 00 02 08 00 80 12 
02 00 00 00 04 22 C1 A4 90 11 01 00 D0 00 01 00 
08 42 00 60 80 2C 00 81 60 01 54 21 21 00 24 21 
00 02 00 04 0D 84 02 00 12 82 62 00 00 26 00 00 
80 22 A8 82 20 00 22 20 30 04 83 00 1C 1C 51 10 
18 08 30 00 04 05 91 00 14 80 4C B9 44 17 D0 24 
51 00 04 00 00 10 01 21 08 09 A8 00 2A 00 08 06 
48 02 00 00 64 00 00 00 64 91 8C 24 10 20 82 00 
48 40 01 00 84 00 00 81 88 00 00 41 00 00 04 83 
40 00 00 00 A1 20 88 29 90 E1 40 00 00 81 10 90 
00 00 18 51 60 00 A8 41 10 08 10 42 82 08 00 02 
04 10 81 00 01 00 20 00 00 00 00 AA C0 04 00 00 
03 25 02 00 60 00 00 00 61 08 20 E9 00 10 60 10 
08 00 00 00 00 00 06 10 01 49 20 D9 A0 80 43 20 
30 00 02 02 00 22 02 40 C0 40 00 20 05 E0 04 50 
12 00 22 00 68 02 24 80 0C 19 42 7E 04 18 82 C0 
22 0C C2 10 83 02 06 0D D0 72 31 02 81 04 30 81 
22 00 01 04 06 21 41 04 20 40 C0 00 05 81 64 C0 
02 82 00 08 0E 8B 00 08 10 00 22 24 C3 04 00 90 
01 00 80 02 22 00 00 00 10 01 14 05 4C 0A 2C AC 
12 24 28 80 10 26 01 04 00 09 40 91 81 C0 42 01 
42 48 00 98 00 80 00 00 48 21 08 C0 01 80 02 02 
08 4D 01 04 08 04 12 28 12 0A 10 90 E8 14 00 41 
62 40 51 40 00 90 09 91 24 12 80 20 00 2C 50 04 
A0 0C 01 40 00 45 88 C2 A8 40 E8 10 48 20 09 20 
24 80 00 80 14 02 85 07 70 14 10 01 40 01 04 60 
04 00 29 41 00 83 01 60 50 43 C7 01 8C 4E 80 08 
80 15 82 00 02 00 20 08 06 80 10 00 01 05 41 23 
08 00 02 80 80 92 52 06 10 00 28 00 44 00 1E 00 
08 20 00 21 14 00 14 00 00 01 00 4C 08 15 60 00 
21 10 19 10 82 F2 81 14 42 84 11 03 41 09 0E 40 
0A 02 90 88 08 18 20 00 1A 00 02 04 02 02 10 04 
32 5D 10 40 04 C0 50 02 01 11 00 08 12 01 00 00 
52 C0 05 D9 00 20 20 00 00 0A 08 00 18 10 09 86 
82 1C 04 30 44 00 4A 42 00 02 C8 40 00 91 81 00 
03 00 12 80 08 08 10 00 00 C8 80 04 00 02 10 02 
92 51 01 00 20 44 C2 84 04 83 00 02 01 01 01 50 
85 13 14 2A 60 00 58 80 10 10 10 06 50 02 00 08 
80 08 00 48 01 8C 88 20 44 04 41 61 D9 00 82 28 
00 10 00 45 00 00 04 00 40 80 50 00 60 08 04 00 
48 02 24 03 80 03 10 00 84 80 40 80 A2 08 C4 00 
