00 10 1A 00 06 40 02 60 88 29 09 32 00 04 44 00 
87 09 00 2D 83 20 04 24 11 24 00 E9 90 28 14 2C 
00 10 10 10 00 80 00 40 58 21 22 22 42 00 82 15 
10 00 40 28 02 00 80 40 40 10 2A 60 00 36 50 02 
85 80 44 40 00 04 12 60 20 00 20 A1 00 C2 43 C9 
2B 00 82 05 30 45 24 40 A0 19 08 D4 10 08 24 04 
10 1A 00 00 01 00 44 42 42 0E 82 00 12 00 00 80 
20 C1 04 11 08 20 04 21 00 00 83 21 00 44 40 44 
90 00 00 24 00 20 20 00 10 00 02 00 08 00 80 48 
20 48 06 48 00 00 09 11 08 00 10 05 00 42 00 56 
08 02 00 70 01 00 B4 00 02 02 03 06 00 0C 00 00 
0A 40 21 00 08 44 85 30 00 40 01 20 00 00 00 05 
18 10 36 15 22 00 00 08 05 82 83 08 80 20 00 08 
00 00 1E C0 2B 80 20 83 70 11 08 02 80 84 00 30 
08 00 80 08 84 60 00 49 04 22 10 20 20 40 04 33 
24 88 04 C9 1C 00 A1 08 0B 0D 88 10 02 08 42 00 
02 10 20 80 20 00 40 60 58 4C A0 E2 00 82 08 02 
00 4C 08 40 11 01 20 E2 01 50 04 50 80 00 40 10 
10 10 20 04 30 A0 80 05 00 20 04 10 00 00 28 00 
00 05 10 00 24 00 00 80 82 02 E1 04 00 00 10 11 
20 04 24 00 34 00 64 02 05 80 04 08 00 A6 81 10 
C2 95 80 01 80 27 5B 60 40 00 26 00 64 51 A0 08 
20 22 0A 02 20 84 20 0A 90 04 00 98 E1 00 18 88 
20 80 0C 40 AC 04 E4 C0 50 00 04 48 08 00 11 40 
AE 08 13 10 40 88 80 40 38 40 48 00 88 80 25 80 
02 10 00 00 08 10 20 01 18 0D 60 00 A5 40 C4 00 
30 90 29 50 58 12 30 00 20 08 28 82 81 02 82 01 
A2 04 8C 91 08 02 60 00 30 80 00 40 30 00 20 41 
20 80 94 C0 40 00 08 00 42 A0 10 84 98 01 00 C0 
08 8A 60 02 40 11 00 00 00 00 00 28 12 00 60 80 
40 00 10 88 00 00 41 C0 02 01 02 80 30 80 0A 00 
04 18 04 01 01 00 20 20 80 20 10 10 80 00 00 00 
22 A8 C1 E0 00 40 80 10 80 00 00 02 00 02 00 08 
02 58 45 03 00 08 04 01 02 02 80 14 00 00 08 01 
01 00 46 04 00 24 D8 40 80 02 01 1E 00 A4 40 00 
89 40 09 30 00 30 04 00 00 00 60 00 30 6A 10 60 
19 24 08 20 08 00 A0 74 40 00 04 70 08 50 08 80 
08 80 03 81 00 22 01 50 24 E0 30 40 41 A0 83 12 
8A 6B 0E 38 40 05 00 00 02 10 42 08 10 00 10 1A 
31 8A 00 01 20 1C 00 56 24 00 00 00 00 D0 00 C8 
08 02 82 41 00 10 80 80 04 00 20 0D 00 05 10 44 
05 9A 02 80 80 08 50 23 00 64 42 02 00 09 00 91 
20 8D 00 40 22 06 00 40 0C 51 00 02 80 03 10 22 
50 80 08 C8 09 10 09 08 48 04 26 01 03 90 11 04 
10 00 88 40 96 01 0C 00 09 02 41 50 21 90 83 04 
00 15 42 02 00 59 10 00 20 56 04 10 10 50 B9 81 
00 00 40 10 29 10 00 00 50 08 08 00 91 80 06 20 
80 00 00 00 00 10 80 88 00 00 00 90 25 66 00 10 
B6 10 06 10 20 00 C0 01 00 00 40 10 40 02 00 20 
00 10 80 00 82 00 00 4A 01 AE 00 08 81 16 00 11 
44 00 02 08 D1 01 00 00 00 03 88 A0 21 B0 40 80 
08 00 70 32 85 04 09 34 20 00 4C 00 01 40 44 10 
00 20 40 06 00 10 02 02 42 41 80 00 80 62 80 00 
80 85 56 82 22 00 20 B4 20 00 45 00 80 00 10 81 
42 28 00 44 00 90 14 60 A2 00 24 18 28 00 08 00 
09 10 00 10 A0 30 00 20 00 00 08 08 08 04 13 41 
86 80 00 91 00 88 84 02 80 50 51 04 51 00 48 02 
4A 22 59 00 12 80 20 28 50 42 30 10 08 02 00 00 
00 82 A0 00 40 20 14 C2 00 C4 49 84 58 31 02 00 
20 10 00 20 10 20 40 00 10 62 04 31 C0 40 80 80 
20 2A 80 00 08 00 08 00 00 02 89 01 81 00 90 00 
00 08 02 04 00 00 06 10 0D 19 40 00 44 08 82 80 
00 A0 09 24 10 41 00 84 48 80 08 42 01 08 81 01 
88 13 72 04 04 00 00 00 10 00 0C 12 00 40 40 49 
02 20 34 09 00 42 08 42 04 AA C2 80 20 A6 02 18 
10 00 88 40 88 04 81 21 01 01 10 A0 00 13 00 11 
C0 13 08 00 06 80 00 2C 40 28 00 2A 4B 00 40 90 
00 00 00 90 A0 11 02 20 96 01 2C 00 28 10 C1 80 
40 04 28 0A 10 90 80 08 82 02 01 09 84 C8 0C 20 
02 02 00 14 41 70 01 48 50 08 00 00 40 20 03 00 
80 20 70 00 00 84 05 C5 01 00 60 09 00 00 09 98 
00 00 50 00 00 04 01 00 40 04 10 24 48 20 16 60 
10 02 12 14 10 84 81 0D A1 0E 81 03 04 18 80 34 
80 08 01 01 40 41 04 30 00 08 01 04 44 05 01 01 
50 42 0D 05 D8 00 80 02 40 00 40 04 10 00 A6 84 
44 04 00 04 00 44 60 00 60 01 84 05 A0 61 00 00 
00 05 03 40 4A 95 10 00 00 00 44 2A 60 5A 0D 01 
05 00 B1 20 F4 41 35 82 80 0A 08 00 84 02 24 02 
64 42 00 41 13 45 00 00 0C 42 84 8C 00 02 01 10 
28 0E 06 50 85 00 02 4A 12 08 43 0A 00 28 44 30 
08 49 58 10 90 08 0A E8 70 09 00 02 80 20 11 00 
A8 04 01 20 92 80 06 96 00 52 40 80 C0 81 80 80 
11 08 2A 13 01 00 40 25 28 00 24 90 02 92 00 10 
00 85 18 08 00 4A 04 09 80 44 00 03 40 02 01 01 
08 60 10 12 20 88 41 82 01 80 0C 20 08 40 00 10 
10 10 84 40 04 01 00 08 01 00 00 00 20 02 04 30 
01 02 2A 10 5E 00 44 A2 2A 88 26 41 12 48 00 02 
10 0A 01 80 06 02 26 20 02 21 00 02 18 00 80 12 
02 00 00 10 00 22 C0 24 90 11 01 02 D0 00 00 00 
08 42 08 60 80 04 00 81 60 01 44 21 21 00 24 21 
00 02 00 00 0D 84 02 00 12 82 62 00 44 26 00 04 
80 22 A8 82 20 00 22 20 30 04 83 00 14 1C 51 10 
18 08 30 08 04 05 91 00 14 00 4C B9 44 17 90 64 
51 10 04 00 01 10 01 21 08 09 A8 00 2A 00 09 06 
48 02 00 00 64 00 00 00 6C 91 8C 2C 30 60 82 00 
C8 40 01 00 84 00 00 80 8A 00 00 61 00 00 04 93 
40 00 00 40 A1 00 88 29 90 E1 00 00 00 81 10 90 
00 00 10 51 60 00 A8 41 10 08 00 42 82 08 00 10 
04 10 81 10 00 00 20 00 00 00 00 AA 80 00 00 00 
03 25 02 00 61 00 00 00 41 08 20 E9 00 10 60 10 
08 00 00 00 04 00 07 18 01 49 21 D9 20 80 43 00 
30 00 02 02 00 02 02 40 40 40 00 20 05 E0 0C 40 
12 00 32 00 68 02 24 80 0C 18 42 5E 06 18 82 C2 
22 0C C2 10 83 02 06 0D C0 72 31 02 01 04 10 81 
22 00 01 44 06 20 41 00 20 40 C0 00 87 81 44 C0 
02 82 00 08 2E 9B 00 00 10 08 22 24 C3 04 00 80 
00 00 00 02 22 00 20 00 10 01 04 04 C6 0A 28 2C 
12 24 28 80 10 26 09 04 01 09 40 91 81 C0 42 01 
42 48 08 98 00 00 02 00 48 21 08 C0 51 80 02 02 
08 4D 01 04 08 04 12 20 12 0A 18 90 E8 14 00 41 
62 40 51 40 00 90 09 91 24 02 82 20 00 2C 00 04 
A0 0C 01 40 00 05 88 C2 88 44 E9 00 48 20 09 20 
24 80 00 80 14 02 84 07 70 04 10 09 40 01 04 60 
04 00 09 41 00 83 11 60 50 43 D7 01 8C 4F 90 08 
85 15 82 00 02 40 20 08 06 80 10 00 01 00 41 23 
08 00 02 80 00 00 52 06 10 00 28 00 44 00 1E 00 
08 21 10 21 14 10 14 00 00 01 00 4C 18 14 30 04 
21 19 09 10 82 F2 81 14 42 86 11 00 41 08 0E 40 
0A 02 80 88 00 18 20 00 18 00 02 04 02 02 14 04 
32 5D 10 40 44 E0 50 02 01 11 00 08 10 01 00 00 
52 C0 05 D8 00 20 20 00 04 0A 08 01 18 10 09 86 
82 1C 04 30 4C 10 4A 4A 00 02 C8 40 40 91 C1 00 
03 00 12 80 08 08 10 00 00 C8 80 00 00 22 10 02 
92 41 01 00 20 40 C2 84 04 83 00 0A 01 01 01 40 
C4 13 14 2A 64 00 18 80 10 10 20 06 50 0A 00 08 
80 08 00 48 01 8C 8C 20 44 04 61 61 D9 00 82 20 
00 10 00 45 00 00 04 00 40 80 40 00 60 08 04 00 
48 02 24 03 80 03 10 00 84 80 44 81 A2 08 C4 00 
