20 10 1A 40 06 40 02 60 88 29 09 32 00 04 00 00 
87 09 00 2D 03 20 04 26 13 04 00 E9 80 28 14 2C 
00 10 10 10 00 80 00 00 58 00 20 02 42 00 8A 15 
10 00 40 28 02 00 80 40 40 10 3A 60 00 36 50 02 
85 80 44 40 00 04 12 60 20 01 20 A1 80 C2 43 C9 
2A 00 06 85 18 45 24 00 A0 11 08 D4 10 18 24 04 
90 1A 04 00 01 00 40 42 02 06 82 00 12 00 00 80 
20 C1 04 01 08 20 04 01 00 00 83 21 00 04 00 44 
90 00 00 24 00 20 20 00 10 00 02 00 08 00 80 48 
20 48 06 48 80 00 09 11 08 00 10 04 00 42 00 56 
00 02 00 70 01 00 94 00 02 02 03 06 00 08 00 00 
0A 40 01 04 08 44 85 30 00 40 01 20 00 00 00 05 
18 10 36 15 22 00 00 08 01 82 83 08 80 20 00 08 
00 00 1E C0 2B 80 21 83 70 11 00 02 80 84 02 30 
08 00 80 08 84 20 00 49 04 22 10 00 10 40 04 33 
24 88 04 C9 1C 00 85 08 03 0D 08 10 12 08 42 20 
02 50 20 80 20 40 40 60 58 0D A0 E2 00 82 08 02 
40 CC 08 40 11 01 20 E3 01 50 04 50 80 00 40 10 
10 14 20 44 30 82 82 01 00 00 04 10 00 08 28 00 
00 05 10 00 24 00 00 82 02 02 40 04 00 00 10 11 
20 04 24 00 24 00 64 02 05 81 04 08 00 86 81 10 
C2 95 80 01 80 27 5A 60 48 00 26 00 E4 01 A0 08 
A0 20 0A 02 A0 04 20 0A 90 04 00 98 E1 00 1C 88 
20 00 0C 40 A8 04 E4 C0 50 00 04 48 48 00 11 40 
AE 00 13 1C 00 88 80 40 38 40 48 00 88 80 25 80 
02 10 80 00 08 10 20 01 18 09 60 00 A5 40 C4 00 
10 94 39 10 58 12 31 00 00 08 20 8A 81 02 82 41 
A2 04 8D 91 08 0B 60 00 30 80 00 40 30 00 20 01 
20 80 94 C0 40 00 08 00 42 A4 50 84 98 01 00 80 
08 8A 60 00 40 11 00 00 00 00 00 28 12 00 64 80 
40 00 10 88 00 10 45 C0 02 01 02 80 30 80 0A 00 
04 18 04 01 01 00 00 20 80 20 10 10 00 00 00 00 
22 A8 C1 60 00 40 80 50 80 00 00 02 00 02 00 0C 
02 5C 01 03 00 08 04 00 02 02 80 14 00 00 08 01 
01 00 46 00 00 24 C8 60 84 02 01 1E 10 24 00 00 
89 40 08 30 00 70 04 00 01 80 40 00 30 6A 10 40 
19 24 08 20 28 00 A0 74 80 40 04 70 50 10 48 80 
08 80 03 81 80 20 00 50 24 E0 30 40 41 A0 8B 12 
0A 69 06 38 40 05 00 00 02 00 42 08 10 00 10 1A 
31 8A 00 00 22 1C 00 46 60 00 00 00 10 D0 00 C8 
08 42 82 41 20 10 80 80 04 00 20 0D 00 04 10 44 
05 9A 02 80 80 08 50 23 00 64 42 02 00 01 00 91 
20 0D 00 60 22 26 00 00 0C 51 00 02 80 03 10 02 
50 80 08 88 09 10 09 88 48 04 26 01 03 90 13 00 
12 00 80 40 96 01 1C 00 09 02 41 50 21 90 83 04 
40 15 40 02 00 59 10 00 20 56 04 10 04 40 B9 80 
00 00 40 10 69 14 10 00 50 08 08 00 91 80 06 00 
88 00 00 00 00 12 80 88 00 00 00 10 25 64 00 10 
36 10 06 10 20 00 C0 01 00 00 48 00 40 02 08 20 
00 10 80 00 82 00 00 4E 01 AE 08 08 81 56 00 11 
44 00 12 00 D1 11 00 00 00 13 88 A0 21 B0 42 80 
08 80 70 32 05 04 89 30 20 00 44 00 01 40 44 10 
00 24 40 02 00 11 02 02 C2 41 80 00 80 72 80 20 
00 85 56 82 22 20 20 B4 20 00 45 00 80 00 10 81 
42 28 00 46 00 90 14 60 A2 00 24 18 28 10 08 00 
09 10 02 10 A0 38 00 20 00 00 00 08 00 04 13 41 
86 80 40 91 20 80 A6 02 80 70 10 04 51 00 48 02 
4E 2A 59 00 12 80 20 08 50 42 00 90 08 02 00 00 
00 92 A0 00 40 20 14 42 00 C6 49 84 18 31 02 00 
20 10 00 20 10 20 40 00 10 62 04 71 80 40 80 80 
20 2A 80 00 08 00 08 00 01 02 89 01 81 00 90 00 
00 01 12 04 00 10 04 10 0D 19 40 00 44 08 82 80 
00 A0 09 24 10 41 00 84 48 80 08 42 01 08 A1 01 
88 13 42 04 04 00 40 00 10 00 0C 12 00 40 00 48 
02 20 34 09 00 02 08 40 00 AB C2 80 20 B6 02 18 
10 00 88 40 88 01 81 01 01 21 80 A0 00 13 00 13 
C0 13 0C 00 06 80 20 2C 40 28 00 2A 49 00 42 90 
50 10 00 90 20 11 02 20 86 08 2C 00 28 10 C1 80 
44 04 28 0A 00 90 80 08 82 02 01 09 84 C8 08 00 
02 40 00 14 41 70 01 48 50 08 00 00 40 20 03 00 
80 20 70 02 08 84 05 CD 09 00 60 09 00 00 29 98 
00 00 50 40 00 04 01 00 40 04 10 24 48 20 16 60 
10 02 12 14 10 84 81 09 A1 0E 81 03 24 18 00 34 
80 08 01 01 40 40 05 30 00 08 01 14 44 25 01 01 
50 42 0D 05 D0 00 80 02 40 00 00 00 10 00 A6 84 
44 04 00 04 00 40 60 00 60 00 84 05 A0 65 00 00 
00 05 83 40 4A D5 10 01 18 00 44 2A 60 58 0D 01 
05 00 B1 20 A4 41 35 C2 80 0A 0A 00 04 02 24 02 
24 42 00 41 12 41 00 00 0C 42 84 8C 00 02 01 10 
28 06 06 50 85 00 02 4A 12 28 43 08 00 28 44 20 
09 09 59 10 B0 08 0B 68 70 09 00 02 80 20 11 04 
A8 0C 01 20 90 80 26 16 00 12 40 84 C0 81 80 00 
11 08 A8 12 01 00 00 24 28 00 26 10 02 92 00 10 
00 85 18 08 00 4A 06 09 80 64 00 03 40 02 00 01 
08 60 10 02 60 88 41 02 01 80 08 20 08 40 00 10 
10 00 04 40 04 01 00 00 01 00 00 00 20 02 04 30 
05 02 2A 10 7E 00 44 A2 3A 88 66 45 12 48 00 02 
00 0A 01 80 06 22 26 00 02 21 00 00 18 00 80 12 
02 00 00 00 00 02 C0 80 90 11 41 00 D0 00 00 00 
08 42 00 60 80 0C 00 81 60 01 54 21 20 00 20 21 
00 02 00 04 0D 84 02 00 12 82 62 00 44 26 00 04 
80 2A A8 82 20 00 22 20 30 04 83 08 1C 0C 50 10 
18 08 30 08 04 04 91 00 14 80 4C B9 44 17 D0 24 
51 10 04 00 01 10 01 21 08 09 A8 00 2A 00 09 0E 
40 02 00 00 64 00 00 00 6C 91 8C 2C 10 20 82 00 
48 51 00 00 8C 00 00 80 88 00 00 61 00 00 04 83 
00 80 00 40 A1 20 88 29 90 E1 00 00 00 81 10 90 
01 00 18 11 60 00 A8 41 10 08 00 42 82 0C 00 10 
00 10 81 10 01 00 20 00 00 00 00 AA 90 00 00 00 
03 25 02 00 40 00 00 00 61 08 20 69 00 10 60 10 
08 00 00 00 00 00 06 18 01 49 20 D9 A0 80 42 00 
30 00 02 02 00 02 02 40 C0 40 00 20 05 E0 04 50 
12 00 22 00 60 02 25 80 0C 19 42 5E 04 18 82 C2 
22 0C C2 18 83 02 06 0D D0 72 31 02 01 04 20 81 
22 80 01 04 06 20 41 00 20 00 C0 00 47 84 64 C0 
02 92 80 08 2E 0B 00 08 00 08 22 24 C3 04 00 D0 
01 00 00 02 26 00 00 00 10 81 04 84 CC 02 28 2C 
18 24 28 80 10 36 01 04 01 09 40 91 81 C0 42 11 
42 48 00 88 00 00 00 00 48 21 08 40 13 80 02 02 
08 4D 81 04 08 04 12 00 12 02 10 10 E8 14 00 41 
62 40 51 40 00 90 09 91 24 12 82 20 00 2C 10 04 
A0 0C 01 40 00 45 98 C2 E8 40 89 10 48 20 09 20 
04 80 00 80 14 02 85 04 70 15 10 09 40 01 04 60 
04 00 29 41 00 83 31 60 50 43 D7 01 8C 4F 00 08 
81 15 82 08 02 40 20 08 06 80 50 00 01 04 41 23 
08 00 02 80 80 00 52 06 10 00 28 00 44 00 1E 00 
08 20 18 21 14 10 14 00 10 01 00 4C 08 15 60 00 
21 10 09 10 82 F2 81 14 42 84 11 03 41 08 0E 40 
0A 02 80 88 00 18 20 00 1A 00 02 04 02 02 14 04 
32 5D 00 40 44 C0 50 02 01 11 00 08 10 01 00 00 
52 C0 05 DB 01 20 20 02 00 0A 08 00 18 10 09 86 
82 1C 04 30 44 80 40 42 20 02 80 40 40 81 C1 00 
03 00 12 00 08 08 10 00 00 C8 80 06 00 22 10 02 
92 41 01 00 20 44 C2 84 04 83 00 0A 01 01 01 50 
C5 13 04 2A 60 20 50 80 00 10 00 06 58 02 00 08 
80 08 00 48 01 84 8C 20 44 04 40 61 D9 00 82 28 
00 10 00 44 00 00 04 00 40 80 40 00 60 0A 04 00 
48 02 24 03 80 03 00 00 84 80 64 80 E2 08 C4 00 
