00 10 1A 00 06 00 02 60 88 29 09 30 00 04 40 00 
C7 09 00 2C 82 30 04 24 13 04 00 E9 90 28 14 2C 
00 10 10 10 00 80 00 40 58 20 20 02 42 00 8A 15 
10 08 40 28 02 00 80 40 40 10 38 64 00 36 50 02 
85 80 44 40 00 04 12 21 20 01 20 A1 A0 C2 43 C9 
2A 00 82 85 10 45 24 40 A0 11 08 D4 10 18 24 04 
10 1A 04 10 01 00 40 42 02 06 82 00 12 00 00 80 
20 C1 04 01 08 20 04 21 00 00 83 21 00 04 40 44 
90 00 02 24 00 20 20 00 10 00 02 00 08 00 80 C8 
20 48 06 48 00 00 09 11 08 00 10 01 00 40 00 56 
08 02 00 70 01 00 94 00 00 02 03 06 00 0C 00 00 
0A 40 01 00 08 44 05 30 00 40 01 20 00 40 00 05 
18 10 36 15 22 00 00 08 01 82 A1 08 80 20 00 08 
00 00 3E C0 2B 80 20 83 70 11 00 02 80 84 02 30 
28 00 80 08 84 20 00 49 04 22 00 00 20 40 04 23 
24 88 04 C9 1C 00 A1 18 03 09 08 10 12 08 42 20 
02 50 A0 80 20 40 40 60 58 4D A0 E2 00 82 08 02 
00 4C 08 40 11 01 20 E3 01 50 06 50 80 00 40 10 
10 10 20 44 30 A0 82 05 00 00 04 10 00 00 28 00 
00 04 10 00 24 00 00 80 02 02 60 04 00 00 10 11 
20 04 04 00 34 00 64 02 05 80 04 08 00 86 82 10 
C2 95 80 01 80 25 5A 60 48 00 26 00 E4 41 A0 08 
20 22 0A 02 20 04 20 0A 90 04 00 98 E1 00 18 88 
20 00 0C 40 AC 04 E4 C0 50 00 04 48 08 08 00 40 
AE 08 13 10 08 88 80 40 38 40 48 00 88 80 25 80 
02 10 80 00 48 10 20 01 18 0D 60 00 A5 40 C4 04 
30 90 39 50 58 12 31 00 00 08 28 82 81 02 82 01 
A2 04 8C 90 08 02 60 00 30 80 20 40 30 00 20 41 
20 80 9C C0 40 00 08 00 42 A4 10 84 98 01 10 80 
08 8A 60 00 40 11 00 00 00 00 00 28 12 00 64 80 
40 00 10 88 00 10 41 40 03 01 02 82 30 80 0A 00 
04 18 04 01 01 00 20 20 80 20 18 10 00 00 00 00 
22 A8 C1 60 00 40 80 50 C0 00 00 02 01 02 00 08 
02 5C 01 03 00 18 04 00 22 02 80 14 00 00 08 01 
01 00 46 0C 00 04 D9 40 80 02 01 1E 10 24 40 00 
89 40 08 30 00 70 00 00 00 80 60 00 38 6A 10 40 
19 24 08 20 28 00 A0 74 80 00 04 30 10 10 48 80 
08 80 03 80 00 20 01 50 24 E0 30 40 41 20 8B 12 
8A 69 0E 38 40 05 00 00 02 10 42 08 10 00 10 1A 
31 8A 00 00 20 1C 00 56 64 00 00 00 00 C0 40 C8 
08 00 82 41 20 10 80 90 04 00 20 0D 00 04 10 44 
05 B8 02 81 A0 08 50 23 00 64 42 02 00 09 00 91 
20 8D 00 60 22 26 00 40 0C 51 00 02 80 03 10 22 
40 80 08 C8 09 10 09 08 48 04 06 01 03 90 11 04 
12 00 88 40 96 21 0C 00 09 02 41 50 21 90 82 00 
00 15 02 02 00 59 10 10 20 56 04 10 10 50 B9 80 
10 00 40 10 69 10 10 00 50 00 08 00 91 80 06 00 
88 00 00 00 00 12 80 88 00 00 00 14 35 64 00 10 
36 10 06 10 20 00 C0 21 00 20 48 10 40 02 08 20 
00 14 81 00 82 00 00 4A 01 AE 00 08 81 16 00 11 
44 00 02 08 D0 11 00 00 00 13 88 80 01 B0 40 84 
08 00 70 32 85 04 89 30 20 01 44 00 01 40 44 10 
00 64 40 02 00 01 03 0A C2 41 80 00 80 72 80 80 
80 85 56 82 22 00 20 94 20 00 45 00 80 00 10 81 
42 28 00 44 00 90 14 60 A2 01 24 18 28 00 08 00 
21 10 02 12 A0 38 00 20 20 80 08 08 08 04 11 41 
86 80 40 91 00 80 A4 0A 80 50 50 04 51 00 48 02 
4E 0A 59 00 12 80 20 68 50 42 00 10 08 02 00 00 
00 92 A0 00 40 60 14 42 02 C0 49 04 58 31 02 00 
20 10 00 20 10 20 40 00 10 62 06 13 80 40 80 80 
20 2A 80 00 88 00 08 00 00 03 89 09 81 00 90 00 
00 08 02 04 00 00 16 10 0D 19 40 00 44 08 82 80 
00 A0 89 24 10 41 00 84 48 80 08 42 01 28 81 01 
88 13 72 04 04 00 00 00 10 00 08 12 00 00 00 49 
02 20 34 09 00 42 88 40 00 AA C2 80 20 B2 02 18 
10 00 80 44 88 01 A1 21 01 21 90 A0 00 13 00 13 
C0 13 0C 00 06 80 20 2C 40 28 40 2A 4B 00 40 90 
00 10 00 90 A0 11 02 20 96 09 2C 00 28 10 C1 80 
44 04 28 0A 14 90 80 08 82 02 41 09 84 C8 0C 20 
00 44 00 14 41 70 01 48 58 00 00 00 40 20 03 00 
80 20 50 00 00 84 05 85 09 00 60 09 00 00 29 98 
00 00 50 00 01 04 01 00 40 04 10 24 48 20 16 60 
10 02 12 14 10 84 A1 1D A1 0E 81 03 24 1C 80 34 
80 08 01 01 40 40 04 30 00 08 01 04 4C 05 01 01 
50 42 0D 05 D8 00 80 02 40 00 40 04 10 00 A6 84 
44 04 00 04 00 40 60 00 60 00 04 05 A0 65 00 00 
00 05 83 40 4A 95 10 00 18 00 44 2A 60 58 0D 01 
05 00 B1 20 E4 01 35 C2 80 0A 08 00 84 02 24 02 
64 42 00 41 12 45 00 02 0C 4A 84 8E 00 22 01 10 
29 0E 06 50 85 00 02 4A 12 48 43 08 00 20 44 20 
09 49 59 10 B0 88 0B E8 F0 09 00 02 80 20 11 04 
A8 04 01 00 93 80 04 16 00 52 40 84 C0 81 80 80 
11 08 28 13 21 00 00 24 28 00 26 90 02 92 00 10 
00 D5 18 08 00 4A 06 09 80 64 00 03 40 02 00 03 
08 60 10 12 60 88 41 82 01 80 00 20 08 40 00 10 
10 00 04 40 04 01 00 08 01 00 00 00 20 02 04 30 
00 02 2A 10 7E 00 44 A2 3A 88 66 4D 12 48 00 42 
10 0A 01 80 06 22 26 20 02 01 00 00 18 00 81 12 
02 00 02 00 04 02 C0 06 90 11 01 40 D0 00 00 00 
08 42 08 60 80 2C 00 81 60 01 44 21 21 00 20 21 
00 02 00 04 0D 84 02 00 12 82 62 00 04 26 00 04 
80 2A A8 82 20 00 22 20 30 05 83 00 14 1C 50 10 
18 08 30 08 04 05 90 00 14 80 4D B9 44 17 90 24 
51 00 04 00 01 10 01 21 08 09 A8 00 2A 00 09 86 
40 02 40 00 60 00 00 00 6C 91 8C 2C 14 20 82 00 
48 41 01 00 84 00 00 81 8A 00 00 61 04 00 04 83 
00 80 00 40 A1 00 88 29 98 E1 40 00 00 85 10 90 
00 01 18 11 60 00 A0 41 10 08 10 42 82 08 00 10 
04 00 81 10 01 00 20 00 40 00 00 AA C0 00 00 00 
03 25 02 00 21 00 00 00 61 08 20 29 00 10 60 00 
08 00 00 00 04 00 06 10 01 49 21 D9 A0 80 42 00 
30 00 02 02 00 02 02 40 C0 40 00 20 05 E0 04 50 
12 00 32 00 68 02 25 80 0C 19 42 7E 0C 18 82 C0 
22 0C C2 10 83 02 06 0D C0 72 31 02 01 04 10 81 
22 00 03 44 06 25 41 00 60 00 C0 00 07 80 64 C0 
02 92 80 08 0E 8B 00 08 10 00 22 24 C3 04 00 D0 
00 00 00 02 22 00 20 00 10 81 04 85 C4 02 2C 2C 
12 24 28 80 10 26 01 04 01 09 40 91 81 C0 42 01 
46 48 08 98 00 00 00 00 48 21 08 C0 43 80 02 02 
08 4D 01 04 08 04 12 08 12 0A 18 10 E8 14 00 41 
62 40 51 40 00 90 09 91 24 02 82 20 00 2C 10 04 
A0 0C 01 40 00 05 88 C2 A8 42 E8 10 48 20 09 20 
24 80 00 80 14 02 84 06 70 15 10 09 40 01 04 60 
04 00 29 40 00 83 01 60 50 43 D7 01 8C 4A 80 08 
80 15 82 00 02 40 A0 08 06 80 10 08 01 05 41 23 
08 00 02 80 80 80 52 06 10 00 28 10 44 00 1E 00 
08 20 00 A1 14 00 14 00 10 01 00 4C 08 14 70 06 
21 10 09 30 82 F2 81 14 42 84 11 01 41 09 0E 40 
0A 02 80 88 00 18 20 00 1A 00 02 04 02 02 14 04 
32 5D 00 40 04 C0 50 02 01 11 00 08 12 01 00 00 
52 C0 05 D9 0C 20 20 00 00 18 08 00 18 10 0B 86 
82 1C 04 30 44 80 42 42 00 02 C0 40 00 81 81 00 
03 00 12 80 08 08 10 00 00 C8 80 06 00 22 10 02 
92 41 01 00 20 44 C2 84 04 83 00 0A 01 01 01 50 
84 13 14 2A 64 00 58 80 10 10 00 06 58 02 00 08 
80 08 00 48 01 84 8C 20 44 04 61 41 D9 01 82 20 
00 10 00 45 00 00 04 00 40 80 50 00 60 08 04 00 
48 02 24 03 80 03 10 00 84 A0 44 81 A2 08 C4 00 
