20 10 1E 10 06 00 02 60 88 29 09 32 00 04 04 00 
87 09 00 2D 83 20 04 26 13 24 00 E9 91 28 14 28 
00 10 10 10 00 80 00 40 58 20 22 22 42 00 8A 15 
10 08 40 28 02 00 80 40 40 11 3A 60 00 36 50 02 
85 80 44 40 00 04 12 61 20 01 20 A1 80 C3 43 C9 
2A 00 82 05 30 45 24 40 A0 19 08 F4 10 08 24 04 
10 1B 04 00 01 00 44 42 02 06 82 00 12 00 00 80 
20 C1 04 01 08 20 04 21 00 00 83 21 00 04 00 44 
90 00 00 24 00 20 20 00 10 00 02 00 08 00 80 C8 
20 48 06 08 00 01 09 11 08 00 10 05 00 42 00 52 
08 02 01 70 01 02 B4 00 12 02 03 06 00 0C 00 00 
0A 40 01 14 08 44 85 30 00 40 01 20 00 00 00 05 
18 10 36 15 22 00 00 08 05 82 A1 08 00 20 00 08 
00 00 1E C0 2F 80 20 83 70 10 00 02 80 84 00 30 
28 00 80 08 84 60 00 49 04 22 10 20 30 40 04 33 
2C C8 04 C9 1C 00 85 08 0B 0D 88 10 12 08 42 20 
02 50 20 80 20 40 41 60 50 4C A0 A2 00 82 08 02 
00 CC 08 40 11 01 20 E7 01 50 04 10 80 00 40 10 
10 14 20 44 30 80 82 01 00 00 04 10 00 08 28 00 
00 05 10 00 24 00 00 80 02 02 E0 04 00 00 10 11 
30 04 04 00 34 00 64 02 05 80 04 08 00 A6 83 10 
C2 95 80 01 80 27 5A 62 58 00 26 00 E4 51 A0 08 
A0 22 0A 02 20 84 20 0A 90 04 00 98 E1 00 1C 88 
28 80 0C 40 AC 04 E4 C4 50 00 04 48 48 20 11 40 
AE 00 13 18 08 88 80 40 38 40 48 00 08 82 25 80 
02 10 80 00 48 10 20 01 0C 0D 60 00 A5 40 C4 04 
30 94 29 10 58 12 20 00 60 08 28 82 81 02 82 01 
A2 04 8C 90 08 0B 60 00 30 80 20 40 30 00 28 41 
20 80 94 C0 40 00 08 02 42 A0 10 84 98 01 00 C0 
08 8A 60 00 40 11 01 00 00 00 00 28 12 00 64 82 
40 00 10 88 00 10 55 40 02 01 02 80 30 80 8A 00 
04 18 04 01 01 00 20 20 80 20 00 10 88 00 00 00 
32 A8 C1 60 00 48 80 50 C0 00 00 02 00 02 00 08 
02 48 05 03 00 18 04 00 02 02 80 14 00 00 08 01 
01 00 46 0C 00 44 C9 40 84 02 01 1E 10 A4 40 00 
89 40 09 20 00 30 24 00 00 80 60 00 38 4A 10 64 
19 24 38 20 08 00 A0 74 00 40 04 70 08 10 48 80 
08 80 03 81 80 20 01 50 24 C0 30 40 C1 A0 83 12 
8A 49 06 38 40 05 00 00 02 10 02 08 10 00 10 0A 
31 8A 00 00 22 1C 00 46 20 00 00 00 00 C0 40 C8 
08 40 82 41 20 10 80 80 14 00 00 0D 00 04 10 44 
05 9A 02 80 80 08 50 23 00 64 42 02 00 09 00 91 
A0 1D 00 01 22 26 00 40 0C 51 00 02 80 01 10 22 
50 80 08 88 09 10 09 88 48 04 26 01 83 90 13 14 
12 00 88 40 16 31 0C 00 49 02 41 50 21 90 83 04 
00 15 42 22 01 5B 10 00 20 56 06 10 00 50 B9 80 
10 00 40 10 29 10 10 40 50 00 08 08 91 88 06 20 
88 00 00 00 00 10 90 88 00 00 00 90 35 64 00 10 
36 11 06 10 20 08 C0 21 00 20 48 00 50 0A 00 20 
00 14 81 00 82 00 00 4A 01 AE 00 0C 81 56 00 11 
44 00 16 08 D1 01 00 00 00 03 88 A0 05 B0 40 84 
08 01 70 72 85 04 A9 34 20 01 44 00 01 40 44 10 
00 20 40 06 00 01 03 02 C2 41 81 00 80 72 80 80 
80 85 56 82 22 2A 20 94 20 40 45 00 80 00 10 81 
42 28 00 47 00 90 14 60 A2 01 24 18 28 00 08 00 
09 10 00 10 80 30 00 20 20 90 08 08 08 04 03 41 
86 80 40 91 00 80 A4 02 80 50 50 04 51 01 48 02 
4E 2A 59 00 12 A0 20 28 50 42 30 90 08 02 00 00 
00 93 A0 00 40 20 14 C2 02 C4 49 84 58 39 00 00 
20 10 00 20 10 20 40 00 14 62 04 71 80 40 80 90 
20 2B 80 01 08 00 08 00 00 02 89 01 81 00 90 08 
00 09 12 04 00 10 14 10 0D 19 40 00 44 08 82 80 
00 A0 09 24 10 40 00 84 48 80 08 42 01 08 A1 01 
88 1B 72 04 04 00 00 00 11 00 08 12 00 40 00 48 
02 20 34 09 00 42 88 42 00 AA C2 80 20 B6 02 18 
11 00 88 44 88 01 81 00 01 01 90 A0 00 13 04 13 
C0 13 0C 00 16 80 20 2C 40 28 40 2A 49 00 42 90 
50 10 00 90 A0 11 02 20 96 08 2C 00 28 10 C1 80 
44 04 28 0A 10 88 80 08 82 02 41 09 84 C8 0C 20 
02 42 00 14 51 70 01 48 52 08 02 00 40 20 03 00 
80 20 50 02 08 84 05 C5 09 00 60 09 02 04 09 98 
00 00 50 40 00 04 01 00 40 44 10 24 48 20 16 60 
10 02 12 14 10 84 81 0D A1 0E 81 03 24 18 80 34 
80 08 01 01 40 40 04 30 00 08 01 04 44 05 01 01 
52 42 0D 05 98 00 80 02 40 00 40 84 10 00 A4 84 
40 04 00 04 40 44 60 00 60 01 04 05 A0 65 00 00 
00 05 03 40 4B D5 10 01 18 00 44 2A 60 58 0D 01 
05 00 B1 20 B4 41 35 C2 80 0A 0A 00 84 02 A4 02 
64 02 00 41 12 45 00 00 0C 4A 84 8E 00 02 01 10 
28 0E 86 50 85 10 02 4A 12 08 43 48 00 28 44 20 
09 09 59 10 90 08 0A E8 70 09 00 02 80 20 11 04 
A8 0C 01 20 92 80 06 16 00 56 40 84 C0 81 80 08 
31 08 28 13 01 00 40 24 28 00 26 90 02 92 00 10 
00 C5 11 08 00 4A 26 09 80 64 00 07 40 02 80 03 
28 60 10 06 60 88 41 82 01 80 00 20 08 40 00 10 
10 00 04 40 04 01 00 08 01 00 00 00 20 02 0C 30 
01 02 2A 10 5E 00 44 A2 3A 88 66 45 12 48 01 42 
10 0A 01 80 06 02 26 00 02 01 00 02 18 00 81 12 
12 00 00 00 00 02 C0 A4 90 11 00 00 D0 00 08 08 
08 42 08 60 80 2C 02 81 60 01 54 21 21 00 20 21 
04 06 00 04 0D 84 03 00 12 82 62 00 44 26 00 04 
80 2A A8 82 20 00 22 20 30 0D 83 08 14 1C 51 10 
18 08 30 08 04 04 91 00 14 80 4D B9 44 17 D4 24 
51 10 04 00 01 10 01 21 08 09 A8 00 2A 00 09 0E 
40 02 00 00 64 00 00 00 6C 93 8C 2C 14 20 82 00 
48 41 01 20 84 20 00 81 88 00 00 61 04 00 04 83 
41 80 00 40 A1 80 88 29 9A E1 40 00 00 81 10 90 
00 01 18 11 60 00 A8 41 10 08 00 42 82 0C 00 10 
24 10 81 10 01 00 20 00 40 00 00 AA C0 05 00 00 
03 25 02 00 60 00 00 00 61 08 20 A9 00 10 60 10 
08 00 02 00 04 00 07 10 01 49 21 D9 A8 80 43 02 
30 00 02 02 00 02 02 40 C0 40 00 20 05 E0 0C 40 
12 00 22 00 68 02 24 80 0C 19 42 7E 04 18 82 C2 
22 0C C2 18 83 0A 06 0D D2 72 31 02 01 06 30 81 
22 00 01 04 06 25 41 00 20 00 C0 00 07 85 44 C0 
42 82 80 08 0E 9B 00 08 10 00 22 04 C3 04 00 D0 
01 00 80 02 22 00 00 00 10 81 04 85 CE 0A 2C AC 
90 24 28 80 10 26 01 04 00 09 40 91 81 C0 42 01 
42 48 00 98 00 80 02 00 48 21 88 41 53 80 02 02 
08 4D 81 04 08 04 92 28 12 0A 18 10 E8 04 00 41 
62 40 51 40 00 90 09 90 04 12 82 20 00 2C 10 04 
A0 0C 05 40 08 45 88 C2 88 46 69 10 08 22 09 20 
24 80 02 80 14 02 84 07 70 15 10 09 40 01 04 E0 
04 00 29 41 00 8B 31 60 50 43 D7 01 8C 4A 80 08 
80 14 02 00 02 40 A0 08 07 80 50 00 01 04 41 23 
08 00 02 80 80 90 52 06 10 02 38 30 44 00 1E 00 
08 25 08 21 14 10 14 00 00 01 00 4C 18 15 70 06 
21 11 0B 30 A2 F2 81 14 42 86 11 01 41 09 0E 40 
0A 02 80 88 00 18 20 00 1A 00 02 04 02 02 14 04 
32 5D 00 40 44 E0 50 02 01 11 48 88 10 01 00 00 
52 C0 05 D9 08 20 20 00 00 0A 08 00 18 10 0B 86 
82 1C 04 30 44 80 42 42 00 12 C0 40 60 91 C1 04 
0B 00 12 00 08 08 10 00 00 C8 90 06 00 22 10 02 
92 41 01 00 20 44 C2 84 04 83 00 02 00 01 01 50 
C5 13 24 2A 24 00 5C 80 10 10 10 06 58 02 00 08 
80 08 00 48 01 8C 8C 20 44 04 61 61 F9 00 82 28 
00 10 00 44 00 40 04 00 40 82 40 00 60 08 04 00 
48 02 24 03 84 03 00 00 84 A0 64 80 A2 08 C4 00 
