00 10 1A 00 06 00 02 60 88 29 09 32 00 04 00 00 
07 19 00 2C 03 20 04 26 13 04 00 E9 90 28 14 28 
00 10 10 10 00 80 00 00 58 21 20 02 42 00 8A 15 
10 08 40 28 02 00 C0 40 40 11 3A 60 00 36 50 02 
85 80 40 40 00 04 12 61 20 01 20 A1 00 C2 43 C9 
2A 00 02 85 10 45 24 00 A0 19 08 D4 10 18 24 04 
10 1A 00 00 01 00 40 42 02 06 82 00 10 00 00 80 
20 C1 04 01 08 20 04 01 00 00 83 21 00 44 40 44 
90 00 00 24 00 20 20 00 10 00 02 00 08 00 80 68 
20 48 06 48 00 00 09 11 08 00 10 05 00 42 00 52 
00 02 00 70 01 00 B4 00 10 12 03 06 00 0C 00 00 
0A 40 21 14 08 44 85 30 00 40 01 20 00 00 00 05 
18 10 36 15 22 00 00 08 05 82 80 08 80 20 00 08 
00 10 1E C0 2B 00 20 83 70 11 00 02 80 84 02 30 
28 00 80 08 84 20 00 49 04 22 00 20 30 40 04 33 
24 88 00 C9 1C 00 81 08 03 0D 88 10 12 08 42 20 
02 50 20 80 20 40 40 60 50 4C A0 E2 00 82 08 02 
00 4C 08 40 11 01 20 E3 01 50 04 50 80 00 40 10 
10 10 20 04 30 80 02 05 00 00 24 10 00 00 28 00 
00 05 10 00 25 00 00 80 02 02 A0 04 00 00 00 11 
20 04 24 00 24 00 64 02 04 80 04 08 00 86 80 10 
C2 95 80 01 80 27 5A 60 48 00 26 00 64 41 A0 08 
A0 26 0A 02 20 04 20 0A 90 04 00 98 E1 00 18 88 
20 80 0C 00 A8 04 E4 C0 50 00 04 48 48 28 01 40 
AE 08 12 18 00 88 80 40 38 40 48 00 80 00 25 80 
02 10 00 00 08 10 20 01 18 0D 61 00 A5 40 C4 00 
30 80 39 10 58 12 30 00 00 08 28 8A 81 02 82 01 
A2 04 8C 90 08 0A 60 00 30 80 20 40 30 02 20 41 
20 80 94 C0 00 00 08 00 42 A4 10 84 98 01 00 80 
08 8A 60 00 40 11 01 00 00 00 00 28 12 00 64 80 
40 00 10 88 00 10 51 40 02 01 02 82 30 80 88 00 
04 18 04 01 01 00 20 20 80 20 18 10 88 00 00 00 
22 A8 C0 60 00 40 80 50 80 00 00 02 01 02 00 0C 
02 4C 05 03 00 08 04 01 00 02 80 04 00 00 08 01 
01 00 46 0C 00 04 C8 40 80 02 01 1E 00 24 40 00 
89 40 08 31 20 30 20 00 00 00 60 00 30 6A 10 60 
19 04 28 20 28 00 A0 74 40 00 04 70 10 10 08 80 
00 80 03 81 00 22 01 52 24 E0 30 40 41 A0 8B 12 
0E 79 0E 18 40 05 00 00 02 10 42 09 10 00 10 1A 
31 8A 00 00 22 1C 00 56 20 00 00 00 10 C0 00 C8 
08 40 82 41 20 10 80 84 04 00 20 0D 00 04 10 44 
05 98 02 80 A0 08 50 21 00 64 42 02 00 08 00 91 
20 0D 00 41 22 26 00 00 08 41 00 02 80 03 10 2A 
50 80 08 88 09 10 09 88 48 04 26 01 03 90 13 00 
10 00 88 40 96 01 0C 00 09 02 41 50 21 90 83 04 
00 14 42 22 00 59 10 00 20 56 04 10 00 50 B9 80 
10 00 40 10 29 14 10 00 50 08 08 00 11 00 06 20 
88 00 00 00 00 12 80 80 00 00 00 04 25 64 00 10 
32 11 06 10 A0 00 80 21 00 20 48 10 40 02 08 00 
80 14 81 00 C2 00 00 4A 01 AE 00 08 81 16 00 11 
44 00 02 00 D0 11 00 00 00 13 88 A0 01 A0 40 84 
40 00 70 72 05 04 29 30 20 01 44 00 01 40 44 10 
00 20 40 02 00 01 03 82 C2 45 A0 00 80 72 80 A0 
00 85 76 82 22 22 20 94 20 40 45 00 80 00 10 81 
42 28 00 46 00 90 14 60 A2 00 24 18 28 00 08 00 
01 10 00 10 80 30 00 20 20 90 08 08 08 05 11 41 
86 80 40 81 00 80 A4 02 80 50 51 04 51 00 48 02 
4E 22 59 00 12 80 20 08 50 42 30 10 08 02 00 00 
00 82 A0 00 40 60 14 42 00 C4 09 84 58 31 02 00 
20 10 00 20 10 20 40 00 10 62 04 33 80 40 80 80 
20 2A 80 01 08 00 08 00 00 02 89 01 81 00 90 00 
00 09 02 04 00 00 04 10 0D 19 40 00 44 08 82 80 
00 A0 09 20 10 41 00 84 48 80 08 42 01 08 81 01 
88 13 72 04 04 00 40 00 10 00 0C 12 00 00 00 48 
02 20 34 09 00 42 08 42 00 AA C2 80 20 B6 00 18 
10 00 80 40 88 01 81 01 01 01 80 A4 00 13 00 13 
C0 13 0C 00 06 80 20 2C 40 28 00 2A 4B 00 40 90 
00 90 00 90 A0 11 02 20 96 09 3C 00 28 10 C1 80 
44 04 28 0A 00 90 80 08 82 02 01 09 84 C8 0C 20 
02 42 00 04 41 70 01 48 50 08 02 00 40 20 03 00 
80 20 70 00 00 84 05 81 09 00 60 09 00 00 09 98 
00 01 50 00 01 04 01 00 40 44 10 24 40 20 16 60 
10 02 12 14 10 84 A1 09 A1 0E 81 03 24 18 80 34 
80 08 01 09 40 40 04 30 00 08 01 04 44 05 01 01 
50 42 0D 05 D8 00 80 02 40 00 40 00 10 00 A4 84 
44 04 00 04 00 40 60 00 60 01 84 45 A0 65 00 00 
00 05 03 40 4A 95 10 00 18 00 44 2A 60 58 0D 01 
05 00 B1 21 E4 01 35 C2 00 0A 0A 00 84 02 20 02 
64 40 00 41 12 45 00 02 0C 42 84 8E 00 02 01 10 
28 0E 06 50 85 10 02 4A 12 08 43 48 00 28 44 30 
09 49 59 10 B0 08 02 E8 70 09 00 02 80 20 31 00 
A8 04 01 20 93 80 04 16 00 12 40 84 C0 81 80 80 
11 08 2A 13 21 00 40 24 28 00 26 10 02 92 00 10 
00 95 18 08 00 4A 04 09 80 64 00 03 40 02 80 01 
08 60 10 06 60 88 41 02 01 80 08 20 08 40 00 10 
10 00 04 40 04 01 00 08 01 00 00 00 20 02 04 30 
00 02 2B 10 5E 00 40 A2 3A 88 66 45 12 40 00 02 
10 0A 01 80 06 02 26 00 02 01 00 00 08 00 81 12 
02 80 00 00 04 02 C0 24 90 11 00 00 D0 00 00 00 
08 42 08 60 80 2C 00 81 60 01 54 21 21 00 24 21 
00 02 00 04 0D 84 02 00 12 82 62 00 44 26 00 04 
80 22 A8 82 20 00 22 20 30 04 83 08 1C 0E 51 10 
18 08 30 08 04 05 11 00 14 80 4C B9 44 17 D0 24 
51 10 04 00 00 10 01 20 08 09 A8 00 2A 00 09 06 
40 02 00 00 64 00 00 00 6C 91 8C 24 14 22 82 00 
48 41 01 20 84 00 00 81 8A 00 00 61 00 00 00 83 
00 80 00 40 A1 00 88 29 90 E1 00 00 00 81 10 90 
00 01 18 11 60 00 A8 41 10 08 00 42 82 0C 00 10 
04 00 81 10 01 00 20 00 00 00 00 AA 80 00 00 00 
03 25 02 00 21 00 00 00 61 08 20 C9 00 10 60 00 
08 00 00 00 04 00 06 10 01 49 20 D9 A8 80 43 20 
10 00 02 02 00 02 02 40 C0 40 00 20 05 E0 04 50 
12 00 22 00 48 02 24 80 0C 18 42 5E 04 18 82 C2 
22 0C C2 10 83 02 06 09 C0 72 31 02 01 06 10 85 
22 00 03 04 06 21 41 00 20 00 C0 00 87 81 64 C0 
02 92 80 08 0E 9B 00 08 10 00 22 04 C3 04 00 90 
00 00 00 02 22 00 00 00 10 81 04 84 C6 0A 20 2C 
10 24 28 80 10 26 01 04 03 09 40 91 81 C0 42 01 
42 48 00 98 00 00 00 00 48 01 88 C0 51 80 02 02 
08 4D 01 04 08 04 12 00 12 0A 18 90 E8 04 00 41 
62 40 51 40 00 10 09 91 04 12 80 20 00 0C 00 04 
A0 0C 01 40 00 45 88 C2 88 40 C9 10 48 20 09 20 
24 80 06 90 14 02 85 06 70 14 10 09 40 01 04 60 
04 00 29 41 00 83 11 60 50 43 D7 01 8C 4E 00 08 
80 14 82 00 02 40 20 08 06 80 50 00 01 04 01 23 
08 00 02 C0 00 90 52 06 10 22 28 00 64 00 1E 00 
08 20 08 21 14 10 14 00 00 01 00 4C 18 15 70 00 
21 10 19 30 82 F2 81 14 42 84 10 01 41 08 0E 40 
0A 02 90 88 00 18 20 00 1A 00 02 04 02 02 14 04 
32 5D 00 40 04 C0 50 02 01 11 00 08 10 01 00 00 
52 C0 05 D9 00 20 00 02 00 1A 08 00 18 10 09 86 
82 1C 04 10 4C 00 40 46 00 12 80 40 40 91 81 04 
0B 00 12 00 08 0C 10 00 00 C8 80 06 00 22 10 02 
92 41 01 00 20 44 C2 84 04 81 00 0A 00 01 01 50 
C4 13 04 2E 60 00 58 80 10 10 00 06 58 02 00 08 
80 08 00 48 01 8C 8C 20 44 04 41 61 D9 00 82 28 
00 10 00 44 00 00 04 00 40 80 40 00 60 08 04 00 
48 02 24 03 80 03 10 00 84 A0 40 80 A2 08 C4 00 
