20 10 1A 40 06 40 02 60 88 29 09 32 00 04 04 00 


07 09 00 2D 03 20 04 24 13 04 00 E9 90 28 14 2C 


00 10 10 10 00 80 00 00 58 20 20 02 42 00 8A 14 


10 08 40 28 02 00 C0 40 40 11 3A 60 00 36 50 02 


85 80 44 40 02 04 12 61 20 01 60 A1 80 C2 43 C9 


2A 00 82 85 30 45 24 40 A0 19 08 D4 10 08 24 04 


10 1B 04 10 01 00 40 42 02 06 82 00 12 04 00 88 


20 C1 04 01 08 20 04 21 00 01 83 23 00 04 40 44 


90 00 00 24 00 20 20 00 10 00 02 00 08 00 80 68 


20 48 06 0C 00 00 09 11 08 00 10 05 00 42 00 52 


08 02 01 70 01 02 B4 00 12 02 03 06 00 08 00 00 


2A 40 01 14 08 44 85 30 00 40 01 20 00 41 00 05 


18 10 36 15 22 00 00 08 05 82 81 08 80 20 00 08 


00 00 3E C0 2B 00 20 83 70 10 00 02 80 84 00 30 


28 00 80 08 84 60 00 49 04 20 10 20 30 40 04 33 


24 C8 04 C9 1C 00 A5 18 03 0D 8A 10 12 08 42 00 


02 50 20 80 20 40 41 60 58 4C A0 A2 00 82 08 02 


00 CC 0A 40 11 01 20 E3 01 50 06 50 80 00 40 30 


10 14 20 44 30 80 82 01 80 20 04 10 00 08 28 00 


00 05 10 00 25 00 00 80 82 02 A0 04 80 00 10 11 


20 05 04 00 24 00 64 02 05 81 04 08 00 A6 81 00 


C2 97 80 01 80 27 5A 60 48 00 26 02 E4 41 A0 08 


20 62 0A 02 20 04 20 0A 90 04 00 D8 E1 00 1C 88 


20 00 0C 40 AC 04 E4 C4 50 00 04 48 08 28 01 40 


AE 08 13 18 00 88 80 40 3C 40 68 00 88 00 25 80 


02 10 80 00 48 11 20 01 18 0D 60 00 A5 40 44 04 


10 94 39 10 58 12 30 00 20 08 28 8A 81 02 82 01 


A2 04 8C 91 08 0B 60 00 20 82 20 40 30 02 20 01 


30 80 9C C0 40 00 08 02 42 A4 50 84 94 01 00 C0 


08 CA 60 00 40 11 00 00 00 00 00 28 32 00 60 80 


40 00 10 88 00 10 51 40 02 01 02 80 30 80 0A 20 


04 18 04 01 01 00 20 20 80 20 10 10 80 00 20 00 


32 A0 C1 E0 00 40 80 50 C0 00 00 02 00 02 00 0C 


02 1C 41 03 00 08 04 00 02 02 80 16 00 00 08 01 


01 00 46 40 00 04 D9 60 80 02 01 1E 10 A4 40 00 


89 40 08 31 08 70 20 00 00 80 40 00 38 6A 10 60 


19 24 28 20 28 00 A0 F4 80 60 04 70 10 12 08 80 


08 82 03 81 80 20 00 50 24 C1 30 40 41 A0 8B 12 


8A 49 0E 38 40 05 00 00 02 10 42 08 10 00 14 1A 


31 8A 00 01 20 1C 00 56 24 00 00 00 00 C0 10 C8 


08 00 82 41 20 10 80 84 04 00 20 0D 00 04 10 44 


05 B8 02 81 A0 08 52 23 00 64 42 02 00 09 00 91 


20 09 00 41 22 06 00 40 0C 51 00 02 80 03 10 2A 


50 80 08 C8 09 10 09 88 48 04 26 01 23 90 10 04 


12 00 88 40 96 61 1C 00 09 02 41 50 21 90 83 04 


00 14 62 02 00 59 10 00 20 56 06 10 04 50 B9 80 


10 00 40 10 29 16 10 00 50 08 08 40 91 00 06 00 


88 00 00 00 00 10 80 8A 00 02 00 10 25 64 00 10 


96 11 06 10 20 00 C0 21 00 30 40 10 40 0A 00 20 


00 14 81 00 82 00 00 4E 01 AE 00 08 81 16 00 11 


44 00 02 08 D0 11 00 00 00 03 88 B0 05 B0 40 80 


08 01 70 72 85 04 A9 34 20 05 44 00 01 40 44 10 


00 24 40 06 00 11 03 02 C2 41 80 00 80 72 80 80 


80 85 72 82 22 20 20 94 20 40 45 00 80 00 10 81 


42 28 00 46 00 90 14 60 A2 00 04 18 28 00 08 00 


29 10 00 10 A0 30 00 20 20 90 00 08 08 04 13 41 


06 00 40 91 00 80 84 0A 80 70 50 04 51 01 48 02 


4E 22 59 00 32 80 20 68 50 42 00 90 08 02 00 00 


00 82 A0 00 40 20 14 C2 00 C2 49 84 58 39 00 00 


20 10 00 20 10 20 40 00 10 62 04 31 80 40 80 80 


20 2A 80 01 A8 00 08 00 01 03 89 09 81 00 92 08 


00 09 12 04 00 10 16 10 0D 19 40 00 44 08 82 80 


00 A0 09 24 10 41 00 84 48 80 08 42 01 28 A1 01 


88 13 72 04 04 00 00 00 10 00 0C 12 00 00 40 48 


02 20 34 09 00 42 88 42 04 AA C2 80 20 B2 02 18 


10 00 98 44 88 00 A1 00 01 21 10 A4 00 13 01 13 


40 13 0C 80 06 80 20 2C 40 28 00 2A 49 00 42 90 


40 90 00 90 A0 11 02 20 96 09 3C 00 28 10 C1 80 


44 04 28 0A 04 90 80 08 82 02 01 09 84 C8 0C 20 


02 42 00 24 41 F0 01 48 50 08 02 00 40 20 23 02 


80 20 70 02 00 84 05 CD 09 00 60 09 00 00 09 88 


00 00 50 40 00 04 01 00 40 44 10 24 48 20 16 60 


10 02 12 14 10 84 A1 0D A1 0E 81 03 24 18 00 14 


80 08 01 01 40 40 04 30 00 08 09 04 4C 05 01 01 


52 42 1D 05 D8 00 80 02 40 02 40 84 10 80 A6 84 


40 04 00 04 40 40 60 00 60 00 84 05 A0 65 00 00 


00 05 83 40 4B D5 10 01 18 00 44 2A 60 5A 0D 01 


05 00 B1 20 E4 03 35 C2 80 0A 1A 00 84 06 A4 02 


24 42 00 41 12 45 00 02 0D 4A 84 8E 00 02 01 10 


28 0E 06 50 84 10 02 4A 12 08 43 4A 00 20 44 20 


09 09 58 10 B0 08 0A E8 70 09 00 02 80 20 11 04 


28 0C 01 20 91 00 06 16 00 56 40 84 C0 81 80 08 


11 08 0A 13 01 00 44 25 28 00 26 90 02 92 00 12 


00 C5 18 08 00 4A 06 09 80 24 00 03 40 02 00 03 


08 60 10 06 60 88 41 82 01 80 08 20 08 40 00 10 


10 00 04 40 04 01 00 00 81 00 00 00 20 02 0C 30 


01 02 2B 10 3E 00 44 A2 3A 88 66 4D 12 48 00 02 


10 0A 01 80 04 22 26 21 02 01 00 02 18 00 80 12 


02 90 00 00 00 22 C5 A6 90 11 41 02 C0 00 08 00 


08 42 08 60 80 2C 02 81 60 01 54 21 21 00 20 21 


00 02 00 04 0D 84 02 00 12 82 62 00 04 26 00 04 


80 2A A8 82 20 00 22 20 30 04 83 08 1C 1E 51 10 


18 00 30 08 04 07 11 00 14 80 0D B9 44 17 90 24 


51 10 04 00 01 10 01 21 08 09 A8 00 2A 00 09 06 


40 02 00 00 64 00 00 00 6C 91 8C 2C 14 20 82 00 


48 41 00 00 84 20 00 90 8A 00 00 61 04 00 04 83 


41 81 00 40 A1 20 88 29 98 E1 40 00 00 85 10 90 


00 00 10 51 60 00 A0 41 10 08 10 42 82 08 00 12 


04 00 81 10 01 00 20 00 40 00 00 AA C0 01 00 00 


03 25 02 00 21 00 00 00 61 08 20 E9 00 10 60 00 


08 00 08 00 04 00 06 10 01 49 20 DB A8 80 43 00 


30 10 02 02 00 02 02 40 C0 40 00 20 05 E0 04 50 


12 00 B2 00 68 02 24 80 0C 19 42 5E 04 18 82 C0 


22 0C C2 18 83 02 06 0D D0 72 31 02 01 06 30 81 


22 00 01 04 06 25 41 00 20 00 C0 00 87 80 44 C0 


42 92 00 08 0E 9B 00 08 10 08 22 24 CB 04 00 90 


00 00 82 02 22 00 20 00 10 80 04 85 C4 02 2C AC 


10 24 28 80 10 36 09 04 01 09 40 81 81 C0 42 01 


42 48 08 98 00 80 02 00 48 21 08 C1 53 80 02 02 


0C 4D 01 04 08 04 12 08 12 1A 10 90 E0 14 00 41 


62 40 51 40 00 90 09 91 24 12 C2 20 00 2C 10 04 


E8 0C 01 40 00 45 88 C2 C8 46 C9 00 08 20 09 20 


24 80 00 90 14 02 85 46 70 04 10 09 40 01 04 60 


04 20 09 41 00 8B 11 60 50 43 D7 01 8C 4F 80 08 


80 15 82 00 42 40 60 08 07 80 50 08 01 04 41 23 


08 00 02 C0 80 90 52 06 10 00 28 10 44 00 1E 00 


08 20 00 21 14 10 14 00 00 01 00 4C 08 3D 70 04 


21 10 09 10 82 F2 A5 14 42 86 11 03 41 09 0E 40 


0A 02 90 88 00 18 20 00 1A 00 02 04 02 22 14 04 


32 5D 80 40 04 C0 50 02 01 11 40 08 10 01 00 00 


56 C0 0D D9 0C 20 20 00 00 0A 08 01 18 90 0B 86 


82 1C 04 30 44 C0 42 4E 00 12 C8 40 40 90 83 00 


09 00 12 80 08 08 10 00 00 C8 80 04 00 22 10 02 


92 41 01 00 20 44 C2 84 04 81 00 0A 00 01 01 50 


C4 13 04 2A 64 00 58 80 10 10 10 06 58 02 00 08 


80 08 00 48 01 8C 8C 20 44 04 41 61 D9 00 82 28 


00 10 00 45 00 40 04 00 40 80 50 00 60 08 04 00 


48 02 24 03 84 03 50 00 84 80 40 80 A2 18 C4 00 


